[39m[48;2;11;18;32m    [38;2;17;58;61m░[38;2;15;47;52m░[39m    [38;2;16;55;57m░[38;2;23;94;90m▒[38;2;15;54;56m░[39m    [38;2;23;101;94m▒[38;2;28;124;114m▓[38;2;13;42;46m░[39m                                                                                                    [0m
[39m[48;2;11;18;32m   [38;2;20;74;75m░[38;2;25;96;95m▒▒[38;2;19;68;70m░[39m   [38;2;33;143;134m▓[38;2;35;154;144m▓[38;2;34;148;139m▓[38;2;20;80;78m░[39m  [38;2;21;92;86m▒[38;2;45;211;190m█[38;2;45;212;191m█[38;2;40;188;170m█[38;2;17;70;67m░[39m          [38;2;65;68;74m▒[38;2;199;203;210m█████[38;2;198;202;208m█[38;2;191;195;201m█[38;2;173;177;183m█[38;2;132;136;141m█[38;2;40;43;50m░[39m     [38;2;135;138;143m█[38;2;199;203;210m██████[38;2;197;201;207m█[38;2;183;187;194m█[38;2;143;147;152m█[38;2;40;42;50m░[39m  [38;2;20;83;78m▒[38;2;39;183;165m██[38;2;39;180;163m█[39m     [38;2;27;123;113m▓[38;2;39;183;165m███[38;2;18;73;70m░[39m    [38;2;25;110;101m▒[38;2;39;183;165m██[38;2;36;168;152m█[39m                                      [0m
[39m[48;2;11;18;32m   [38;2;16;50;55m░[38;2;24;93;92m▒[38;2;25;96;95m▒▒[38;2;21;77;78m░[39m  [38;2;25;108;102m▒[38;2;35;154;144m▓▓[38;2;35;152;142m▓[38;2;23;97;93m▒[39m [38;2;14;45;48m░[38;2;39;182;164m█[38;2;45;212;191m██[38;2;42;199;179m█[38;2;22;94;88m▒[39m         [38;2;131;134;140m█[38;2;231;236;243m█████████[38;2;218;222;229m█[38;2;126;129;134m█[39m    [38;2;187;191;197m█[38;2;231;236;243m█████████[38;2;205;210;216m█[38;2;41;43;51m░[39m [38;2;17;65;64m░[38;2;45;212;191m███[38;2;13;42;46m░[39m   [38;2;15;52;54m░[38;2;43;201;181m█[38;2;45;212;191m███[38;2;24;107;99m▒[39m    [38;2;41;190;171m█[38;2;45;212;191m██[38;2;28;126;116m▓[39m                                      [0m
[39m[48;2;11;18;32m    [38;2;14;43;48m░[38;2;24;89;89m▒[38;2;25;96;95m▒▒[38;2;22;84;84m▒[39m  [38;2;23;94;90m▒[38;2;34;151;142m▓[38;2;35;154;144m▓▓[38;2;27;113;107m▒[39m  [38;2;36;165;150m█[38;2;45;212;191m██[38;2;44;206;186m█[38;2;26;117;108m▒[39m        [38;2;172;176;182m█[38;2;231;236;243m██[38;2;173;177;183m█[38;2;101;104;109m▓▓[38;2;111;114;119m▓[38;2;144;148;153m█[38;2;200;204;211m█[38;2;231;236;243m██[38;2;228;233;240m█[38;2;106;109;114m▓[39m   [38;2;216;221;227m█[38;2;231;236;243m██[38;2;85;88;94m▒[38;2;44;47;54m░░[38;2;59;61;67m░[38;2;135;138;143m█[38;2;228;233;240m█[38;2;231;236;243m██[38;2;121;124;130m▓[39m  [38;2;44;207;187m█[38;2;45;212;191m██[38;2;18;70;68m░[39m   [38;2;34;158;143m▓[38;2;45;212;191m████[38;2;28;128;117m▓[39m   [38;2;28;128;117m▓[38;2;45;212;191m██[38;2;39;182;165m█[39m                                       [0m
[39m[48;2;11;18;32m      [38;2;22;85;85m▒[38;2;25;96;95m▒▒[38;2;23;89;89m▒[38;2;14;42;47m░[39m [38;2;19;77;75m░[38;2;34;147;138m▓[38;2;35;154;144m▓▓[38;2;29;127;120m▓[39m  [38;2;31;144;131m▓[38;2;45;211;190m█[38;2;45;212;191m█[38;2;45;210;190m█[38;2;31;141;128m▓[39m       [38;2;204;208;215m█[38;2;231;236;243m██[38;2;115;118;123m▓[39m     [38;2;189;193;200m█[38;2;231;236;243m██[38;2;188;192;198m█[39m  [38;2;82;84;90m▒[38;2;231;236;243m██[38;2;216;220;227m█[39m     [38;2;221;226;233m█[38;2;231;236;243m██[38;2;94;97;102m▓[39m  [38;2;42;196;177m█[38;2;45;212;191m██[38;2;21;89;84m▒[39m  [38;2;21;88;82m▒[38;2;44;209;189m█[38;2;45;212;191m█[38;2;42;198;179m█[38;2;45;212;191m██[38;2;32;146;133m▓[39m   [38;2;42;197;178m█[38;2;45;212;191m█[38;2;44;209;189m█[38;2;21;89;84m▒[39m   [38;2;21;89;84m▒[38;2;32;149;135m▓[38;2;37;173;156m█[38;2;39;180;163m█[38;2;38;176;159m█[38;2;34;157;143m▓[38;2;23;100;93m▒[39m    [38;2;25;111;103m▒[38;2;34;156;142m▓▓[38;2;19;81;76m░[38;2;15;54;55m░[38;2;30;135;124m▓[38;2;36;169;153m█[38;2;32;146;133m▓[39m [38;2;24;108;99m▒[38;2;34;156;142m▓▓[38;2;21;90;84m▒[38;2;21;91;85m▒[38;2;34;156;141m▓[38;2;38;177;160m█[38;2;38;179;162m█[38;2;35;162;147m█[38;2;24;105;97m▒[39m      [0m
[39m[48;2;11;18;32m       [38;2;21;78;78m░[38;2;25;96;95m▒▒[38;2;24;93;92m▒[38;2;16;52;56m░[39m [38;2;16;60;61m░[38;2;32;141;132m▓[38;2;35;154;144m▓▓[38;2;32;137;129m▓[38;2;15;53;55m░[39m [38;2;27;121;111m▒[38;2;44;207;186m█[38;2;45;212;191m██[38;2;35;162;147m█[39m     [38;2;47;50;57m░[38;2;228;233;239m█[38;2;231;236;243m█[38;2;226;231;238m█[38;2;39;42;49m░[39m     [38;2;125;129;134m█[38;2;231;236;243m██[38;2;211;216;222m█[39m  [38;2;141;144;150m█[38;2;231;236;243m██[38;2;187;191;197m█[39m   [38;2;66;69;75m▒[38;2;174;178;184m█[38;2;231;236;243m██[38;2;173;177;183m█[39m   [38;2;39;183;166m█[38;2;45;212;191m██[38;2;24;104;97m▒[39m  [38;2;39;181;163m█[38;2;45;212;191m█[38;2;43;203;183m█[38;2;27;119;110m▒[38;2;45;212;191m██[38;2;35;161;146m█[39m  [38;2;31;141;128m▓[38;2;45;212;191m██[38;2;34;157;143m▓[39m  [38;2;15;54;55m░[38;2;37;172;156m█[38;2;45;211;190m█[38;2;45;212;191m██████[38;2;32;148;135m▓[39m   [38;2;37;174;157m█[38;2;45;212;191m██[38;2;33;154;140m▓[38;2;43;203;183m█[38;2;45;212;191m██[38;2;32;145;132m▓[39m [38;2;37;170;154m█[38;2;45;212;191m██[38;2;40;186;168m█[38;2;45;211;190m█[38;2;45;212;191m█████[38;2;34;156;142m▓[39m     [0m
[39m[48;2;11;18;32m        [38;2;19;69;71m░[38;2;25;96;95m▒▒[38;2;25;95;94m▒[38;2;18;61;64m░[39m [38;2;14;43;47m░[38;2;30;132;124m▓[38;2;35;154;144m▓▓[38;2;33;145;136m▓[38;2;18;68;67m░[39m [38;2;22;97;91m▒[38;2;43;200;180m█[38;2;45;212;191m██[38;2;39;180;163m█[38;2;14;49;51m░[39m   [38;2;119;122;128m▓[38;2;231;236;243m██[38;2;201;205;211m█[39m      [38;2;119;122;127m▓[38;2;231;236;243m██[38;2;209;214;220m█[39m  [38;2;179;183;189m█[38;2;231;236;243m██[38;2;227;232;239m█[38;2;222;227;234m██[38;2;223;228;235m█[38;2;230;235;242m█[38;2;231;236;243m█[38;2;200;205;211m█[38;2;130;133;138m█[39m    [38;2;36;169;153m█[38;2;45;212;191m██[38;2;26;117;108m▒[39m [38;2;27;122;112m▓[38;2;45;212;191m██[38;2;30;136;124m▓[38;2;18;73;70m░[38;2;45;212;191m██[38;2;38;175;158m█[39m [38;2;15;53;54m░[38;2;43;202;182m█[38;2;45;212;191m█[38;2;43;200;180m█[38;2;15;51;53m░[39m  [38;2;39;182;164m█[38;2;45;212;191m█[38;2;45;211;190m█[38;2;33;154;140m▓[38;2;21;91;85m▒[38;2;19;77;73m░[38;2;31;143;130m▓[38;2;45;212;191m██[38;2;44;208;187m█[39m   [38;2;43;200;181m█[38;2;45;212;191m███[38;2;42;195;176m█[38;2;38;176;159m█[38;2;37;171;155m█[38;2;21;90;84m▒[39m [38;2;42;197;177m█[38;2;45;212;191m██[38;2;44;205;185m█[38;2;33;152;138m▓[38;2;25;113;104m▒[38;2;26;116;107m▒[38;2;36;170;154m█[38;2;45;212;191m███[38;2;24;106;98m▒[39m    [0m
[39m[48;2;11;18;32m         [38;2;22;82;83m▒[38;2;25;96;95m▒▒[38;2;24;90;89m▒[39m  [38;2;15;52;55m░[38;2;34;149;139m▓[38;2;35;154;144m▓▓[38;2;28;119;112m▒[39m  [38;2;28;124;114m▓[38;2;45;212;191m███[38;2;26;117;107m▒[39m   [38;2;164;168;174m█[38;2;231;236;243m██[38;2;167;171;177m█[39m      [38;2;154;157;163m█[38;2;231;236;243m██[38;2;186;190;196m█[39m  [38;2;210;214;221m█[38;2;231;236;243m██[38;2;197;201;208m█[38;2;194;199;205m██[38;2;197;201;208m█[38;2;220;225;231m█[38;2;231;236;243m█[38;2;228;233;239m█[38;2;168;172;178m█[39m    [38;2;33;154;140m▓[38;2;45;212;191m██[38;2;28;129;118m▓[38;2;14;45;48m░[38;2;42;198;179m█[38;2;45;212;191m█[38;2;40;188;170m█[39m  [38;2;44;209;188m█[38;2;45;212;191m█[38;2;40;187;169m█[39m [38;2;33;153;139m▓[38;2;45;212;191m██[38;2;28;126;116m▓[39m   [38;2;23;99;92m▒▒[38;2;22;95;89m▒[38;2;18;70;68m░[38;2;19;77;74m░░[38;2;21;87;82m▒[38;2;45;212;191m██[38;2;44;206;186m█[39m  [38;2;19;81;77m░[38;2;45;212;191m██[38;2;45;211;190m█[38;2;29;129;118m▓[39m    [38;2;18;70;68m░[38;2;45;212;191m██[38;2;44;206;186m█[38;2;21;87;82m▒[39m    [38;2;39;182;165m█[38;2;45;212;191m██[38;2;32;149;135m▓[39m    [0m
[39m[48;2;11;18;32m        [38;2;22;80;81m▒[38;2;25;96;95m▒▒[38;2;24;91;91m▒[38;2;15;48;53m░[39m [38;2;17;66;66m░[38;2;33;143;134m▓[38;2;35;154;144m▓▓[38;2;31;134;126m▓[38;2;14;46;50m░[39m [38;2;28;129;118m▓[38;2;44;208;188m█[38;2;45;212;191m██[38;2;34;155;141m▓[39m    [38;2;197;202;208m█[38;2;231;236;243m██[38;2;123;126;132m█[39m     [38;2;42;44;52m░[38;2;211;216;223m█[38;2;231;236;243m██[38;2;122;125;131m▓[39m [38;2;63;66;72m▒[38;2;230;235;242m█[38;2;231;236;243m█[38;2;221;226;232m█[39m    [38;2;43;46;53m░[38;2;206;211;217m█[38;2;231;236;243m██[38;2;117;120;125m▓[39m   [38;2;30;136;125m▓[38;2;45;212;191m██[38;2;30;139;127m▓[38;2;33;152;138m▓[38;2;45;212;191m█[38;2;45;210;190m█[38;2;22;98;91m▒[39m  [38;2;42;197;178m█[38;2;45;212;191m█[38;2;42;199;180m█[38;2;17;69;67m░[38;2;44;206;186m█[38;2;45;212;191m█[38;2;39;182;165m█[39m   [38;2;13;43;47m░[38;2;32;146;133m▓[38;2;41;191;172m█[38;2;45;210;189m█[38;2;45;212;191m██████[38;2;39;182;164m█[39m  [38;2;29;132;121m▓[38;2;45;212;191m██[38;2;38;176;159m█[39m     [38;2;28;126;115m▓[38;2;45;212;191m██[38;2;36;166;150m█[39m     [38;2;36;167;151m█[38;2;45;212;191m██[38;2;31;142;129m▓[39m    [0m
[39m[48;2;11;18;32m       [38;2;23;86;86m▒[38;2;25;96;95m▒▒[38;2;23;87;87m▒[38;2;13;38;45m░[39m [38;2;21;83;81m▒[38;2;34;149;139m▓[38;2;35;154;144m▓▓[38;2;28;122;116m▓[39m  [38;2;33;152;138m▓[38;2;45;211;191m█[38;2;45;212;191m█[38;2;44;209;188m█[38;2;29;132;121m▓[39m    [38;2;29;32;42m░[38;2;224;229;236m█[38;2;231;236;243m█[38;2;228;233;240m█[38;2;51;54;61m░[39m    [38;2;61;63;69m░[38;2;193;197;203m█[38;2;231;236;243m██[38;2;188;192;198m█[39m  [38;2;130;133;138m█[38;2;231;236;243m██[38;2;193;197;203m█[39m     [38;2;199;203;210m█[38;2;231;236;243m██[38;2;128;132;137m█[39m   [38;2;26;116;107m▒[38;2;45;212;191m██[38;2;35;164;149m█[38;2;44;208;187m█[38;2;45;212;191m█[38;2;35;163;147m█[39m   [38;2;39;184;167m█[38;2;45;212;191m█[38;2;44;209;189m█[38;2;35;165;149m█[38;2;45;212;191m█[38;2;44;209;189m█[38;2;21;89;83m▒[39m   [38;2;40;185;167m█[38;2;45;212;191m██[38;2;37;174;158m█[38;2;27;122;112m▓[38;2;25;113;104m▒▒[38;2;41;190;172m█[38;2;45;212;191m██[38;2;33;151;138m▓[39m  [38;2;36;166;151m█[38;2;45;212;191m██[38;2;30;139;127m▓[39m     [38;2;35;162;147m█[38;2;45;212;191m██[38;2;35;164;149m█[39m    [38;2;16;59;59m░[38;2;43;201;181m█[38;2;45;212;191m█[38;2;45;211;190m█[38;2;21;87;82m▒[39m    [0m
[39m[48;2;11;18;32m     [38;2;15;46;51m░[38;2;24;91;90m▒[38;2;25;96;95m▒▒[38;2;22;82;82m▒[39m  [38;2;24;100;95m▒[38;2;35;152;143m▓[38;2;35;154;144m▓[38;2;35;153;143m▓[38;2;25;108;102m▒[39m [38;2;13;43;46m░[38;2;37;172;156m█[38;2;45;212;191m██[38;2;43;204;184m█[38;2;25;109;101m▒[39m     [38;2;106;109;114m▓[38;2;231;236;243m██[38;2;211;216;223m█[38;2;101;104;109m▓▓[38;2;109;112;117m▓[38;2;134;138;143m█[38;2;175;179;185m█[38;2;222;226;233m█[38;2;231;236;243m██[38;2;190;195;201m█[38;2;45;48;55m░[39m  [38;2;171;175;181m█[38;2;231;236;243m██[38;2;163;167;173m█[38;2;58;61;67m░░[38;2;60;63;69m░[38;2;100;103;108m▓[38;2;177;181;187m█[38;2;231;236;243m██[38;2;217;222;229m█[38;2;51;54;61m░[39m   [38;2;21;89;84m▒[38;2;45;212;191m██[38;2;45;211;190m█[38;2;45;212;191m█[38;2;43;202;182m█[38;2;16;58;58m░[39m   [38;2;37;170;154m█[38;2;45;212;191m██[38;2;45;211;190m█[38;2;45;212;191m█[38;2;34;157;143m▓[39m   [38;2;23;98;91m▒[38;2;45;212;191m██[38;2;45;211;190m█[38;2;16;58;58m░[39m [38;2;13;41;45m░[38;2;33;151;137m▓[38;2;45;212;191m███[38;2;25;111;102m▒[39m  [38;2;41;194;175m█[38;2;45;212;191m██[38;2;21;91;85m▒[39m     [38;2;41;190;171m█[38;2;45;212;191m██[38;2;44;207;187m█[38;2;29;130;119m▓[38;2;14;49;52m░[38;2;14;49;51m░[38;2;26;118;109m▒[38;2;41;193;174m█[38;2;45;212;191m██[38;2;34;160;145m▓[39m     [0m
[39m[48;2;11;18;32m    [38;2;17;56;60m░[38;2;25;94;93m▒[38;2;25;96;95m▒▒[38;2;20;74;75m░[39m  [38;2;27;116;110m▒[38;2;35;154;144m▓▓[38;2;34;151;141m▓[38;2;22;91;88m▒[39m [38;2;17;67;65m░[38;2;40;187;169m█[38;2;45;212;191m██[38;2;42;195;176m█[38;2;20;85;80m▒[39m      [38;2;155;159;164m█[38;2;231;236;243m█████████[38;2;211;216;222m█[38;2;140;143;149m█[39m    [38;2;203;208;214m█[38;2;231;236;243m█████████[38;2;207;212;218m█[38;2;95;98;103m▓[39m    [38;2;14;49;51m░[38;2;45;212;191m████[38;2;29;131;120m▓[39m    [38;2;33;154;140m▓[38;2;45;212;191m███[38;2;43;200;180m█[38;2;14;51;52m░[39m   [38;2;17;69;67m░[38;2;44;208;187m█[38;2;45;212;191m██[38;2;43;203;183m█[38;2;40;190;171m█[38;2;44;205;185m█[38;2;43;204;184m█[38;2;44;205;185m█[38;2;45;212;191m█[38;2;44;209;188m█[38;2;14;46;49m░[39m [38;2;16;62;62m░[38;2;45;211;190m█[38;2;45;212;191m█[38;2;43;203;183m█[39m     [38;2;15;51;53m░[38;2;45;210;189m█[38;2;45;212;191m█[38;2;44;208;187m█[38;2;44;209;189m█[38;2;45;212;191m█████[38;2;45;211;190m█[38;2;34;160;145m▓[39m      [0m
[39m[48;2;11;18;32m   [38;2;18;61;63m░[38;2;25;95;95m▒[38;2;25;96;95m▒[38;2;25;95;94m▒[38;2;18;64;67m░[39m  [38;2;29;125;118m▓[38;2;35;154;144m▓▓[38;2;33;146;137m▓[38;2;19;74;73m░[39m [38;2;17;65;64m░[38;2;42;198;178m█[38;2;45;212;191m██[38;2;39;184;166m█[38;2;16;61;60m░[39m       [38;2;162;165;171m█[38;2;201;205;211m████[38;2;200;204;211m█[38;2;195;200;206m█[38;2;183;187;193m█[38;2;158;161;167m█[38;2;105;108;113m▓[39m      [38;2;196;200;207m█[38;2;201;205;211m█████[38;2;200;204;211m█[38;2;193;197;204m█[38;2;173;176;182m█[38;2;123;126;131m█[39m       [38;2;38;178;161m█[38;2;39;184;166m██[38;2;36;168;152m█[39m     [38;2;27;121;111m▒[38;2;39;184;166m███[38;2;27;121;111m▒[39m     [38;2;24;105;98m▒[38;2;38;179;162m█[38;2;43;200;181m█[38;2;43;203;183m█[38;2;41;193;174m█[38;2;35;160;145m▓[38;2;18;75;71m░[38;2;37;172;155m█[38;2;39;184;166m█[38;2;36;166;150m█[39m  [38;2;23;100;93m▒[38;2;39;184;166m██[38;2;34;157;142m▓[39m     [38;2;26;114;105m▒[38;2;45;212;191m██[38;2;38;180;162m█[38;2;24;105;97m▒[38;2;38;177;160m█[38;2;43;200;181m█[38;2;43;203;183m█[38;2;41;193;174m█[38;2;35;165;149m█[38;2;22;97;90m▒[39m       [0m
[39m[48;2;11;18;32m   [38;2;19;68;70m░[38;2;25;96;95m▒[38;2;24;93;92m▒[38;2;16;54;58m░[39m   [38;2;31;135;127m▓[38;2;35;154;144m▓[38;2;32;139;130m▓[38;2;16;57;59m░[39m  [38;2;19;80;76m░[38;2;44;206;185m█[38;2;45;212;191m█[38;2;36;167;151m█[39m                                                                                  [38;2;33;153;139m▓[38;2;45;212;191m██[38;2;32;149;136m▓[39m              [0m
[39m[48;2;11;18;32m    [38;2;13;38;45m░[39m      [38;2;17;62;63m░[39m     [38;2;15;54;55m░[38;2;19;77;73m░[39m                                                                                   [38;2;39;183;165m█[38;2;45;212;191m██[38;2;25;109;101m▒[39m              [0m
[39m[48;2;11;18;32m                                                                                                      [38;2;44;207;186m█[38;2;45;212;191m█[38;2;44;209;188m█[38;2;14;45;48m░[39m              [0m
[39m[48;2;11;18;32m                                                                                                     [38;2;14;49;51m░[38;2;28;128;117m▓▓[38;2;26;119;109m▒[39m               [0m
