[39m[48;2;11;18;32m  [38;2;17;57;60m+[38;2;20;71;72m}[39m  [38;2;14;48;51mi[38;2;27;117;110mU[38;2;20;83;80m|[39m  [38;2;29;130;119m0[38;2;33;153;139mh[38;2;14;46;49m![39m       [38;2;88;90;96mY[38;2;104;107;112mmmm[38;2;95;98;103mL[38;2;50;52;59m?[39m    [38;2;56;58;64m}[38;2;104;107;112mmmmm[38;2;97;100;105mQ[38;2;45;47;54m+[39m  [38;2;17;69;66m][38;2;22;96;89mj[38;2;19;79;75m)[39m   [38;2;18;72;69m}[38;2;22;96;89mj[38;2;20;84;79m|[39m   [38;2;17;69;67m][38;2;22;96;89mj[38;2;19;79;75m)[39m                         [0m
[39m[48;2;11;18;32m  [38;2;20;71;72m}[38;2;25;96;95mr[38;2;23;88;87mt[38;2;14;40;46mI[38;2;17;62;63m-[38;2;34;147;138mb[38;2;35;153;143ma[38;2;25;105;100mv[39m [38;2;35;164;148mM[38;2;45;212;191m$[38;2;40;189;171m$[38;2;18;75;71m{[39m      [38;2;212;217;224m$[38;2;231;236;243m$$$$[38;2;229;234;241m$[38;2;198;202;208m$[38;2;96;99;104mL[39m  [38;2;150;154;159m$[38;2;231;236;243m$[38;2;229;234;240m$[38;2;226;231;238m$[38;2;227;232;239m$[38;2;231;236;243m$[38;2;226;231;238m$[38;2;151;155;161m$[39m [38;2;30;139;127mw[38;2;45;212;191m$[38;2;38;177;160m@[39m  [38;2;14;44;48ml[38;2;42;197;178m$[38;2;45;212;191m$[38;2;41;192;173m$[39m   [38;2;41;190;172m$[38;2;45;212;191m$[38;2;27;121;111mJ[39m                         [0m
[39m[48;2;11;18;32m   [38;2;18;64;67m?[38;2;25;95;94mr[38;2;24;92;92mj[38;2;16;52;56m<[38;2;16;58;60m+[38;2;32;139;131mq[38;2;35;154;144ma[38;2;28;122;116mC[39m [38;2;32;148;135mb[38;2;45;211;190m$[38;2;43;201;181m$[38;2;23;103;95mn[39m    [38;2;73;76;81mj[38;2;230;235;242m$[38;2;221;226;233m$[38;2;58;61;67m1[38;2;60;62;68m)[38;2;95;98;103mL[38;2;175;179;185m$[38;2;231;236;243m$[38;2;217;222;229m$[38;2;42;45;52m~[39m [38;2;188;192;198m$[38;2;231;236;243m$[38;2;141;144;150m$[39m  [38;2;149;153;158m$[38;2;231;236;243m$[38;2;211;215;222m$[39m [38;2;26;119;109mU[38;2;45;212;191m$[38;2;39;185;167m$[39m  [38;2;33;153;139mh[38;2;45;212;191m$[38;2;45;211;190m$[38;2;43;203;183m$[39m  [38;2;29;132;120mO[38;2;45;212;191m$[38;2;38;176;160mB[39m   [38;2;21;91;85mt[38;2;24;106;98mu[38;2;20;84;79m|[39m   [38;2;14;44;47ml[38;2;18;74;71m{[38;2;15;55;55m<[39m [38;2;20;83;78m([38;2;18;74;71m{[38;2;13;42;46mI[38;2;18;74;71m{[38;2;15;56;56m~[39m [38;2;22;97;91mr[38;2;23;101;94mx[38;2;14;46;49m![39m    [0m
[39m[48;2;11;18;32m    [38;2;16;53;56m<[38;2;24;93;92mj[38;2;25;95;94mr[38;2;18;64;66m?[38;2;13;38;44m;[38;2;30;128;120m0[38;2;35;154;144ma[38;2;31;136;127mm[38;2;15;51;54m>[38;2;27;121;111mJ[38;2;44;206;186m$[38;2;44;208;188m$[38;2;29;131;119m0[39m   [38;2;137;140;146m$[38;2;231;236;243m$[38;2;192;196;202m$[39m    [38;2;216;221;228m$[38;2;231;236;243m$[38;2;111;114;120md[39m [38;2;217;222;229m$[38;2;231;236;243m$[38;2;102;105;111mZ[38;2;68;70;76m/[38;2;91;94;99mU[38;2;188;193;199m$[38;2;230;235;242m$[38;2;150;154;159m$[39m [38;2;21;92;86mt[38;2;45;212;191m$[38;2;41;192;173m$[39m [38;2;20;86;81m\[38;2;44;209;188m$[38;2;38;179;162m$[38;2;41;193;175m$[38;2;45;212;191m$[38;2;14;45;48ml[38;2;14;46;49m![38;2;42;199;180m$[38;2;44;207;186m$[38;2;19;77;73m1[39m [38;2;31;140;128mw[38;2;43;202;182m$[38;2;45;210;190m$[38;2;44;209;188m$[38;2;45;212;191m$[38;2;41;190;172m$[38;2;16;64;62m-[39m [38;2;31;143;130mp[38;2;45;212;191m$[38;2;38;176;159mB[38;2;41;192;174m$[38;2;45;212;191m$[38;2;27;123;113mC[38;2;30;139;127mw[38;2;45;212;191m$[38;2;40;189;171m$[38;2;43;202;182m$[38;2;45;212;191m$$[38;2;44;205;185m$[38;2;27;123;113mC[39m   [0m
[39m[48;2;11;18;32m     [38;2;14;41;47mI[38;2;24;91;90mf[38;2;25;96;95mr[38;2;19;67;68m][39m [38;2;27;116;110mY[38;2;35;154;144ma[38;2;33;145;136md[39m [38;2;22;93;87mf[38;2;43;203;183m$[38;2;45;212;191m$[38;2;30;136;124mm[39m  [38;2;178;182;188m$[38;2;231;236;243m$[38;2;155;159;164m$[39m    [38;2;216;221;228m$[38;2;231;236;243m$[38;2;99;102;107m0[38;2;88;91;96mY[38;2;231;236;243m$[38;2;230;235;242m$[38;2;228;233;240m$$[38;2;231;236;243m$[38;2;228;232;239m$[38;2;152;156;161m$[39m  [38;2;15;51;53m>[38;2;45;212;191m$[38;2;42;199;179m$[39m [38;2;39;181;164m$[38;2;44;207;187m$[38;2;19;80;76m)[38;2;38;180;162m$[38;2;45;212;191m$[38;2;20;87;81m\[38;2;32;149;136mb[38;2;45;212;191m$[38;2;31;145;132md[39m [38;2;21;89;83m/[38;2;37;174;158m%[38;2;34;157;142mo[38;2;15;52;53m>[39m [38;2;40;188;170m$[38;2;45;212;191m$[38;2;28;126;115mL[39m [38;2;38;175;159mB[38;2;45;212;191m$[38;2;42;195;176m$[38;2;30;138;126mm[38;2;27;121;111mJ[38;2;15;52;53m>[38;2;37;173;156m%[38;2;45;212;191m$[38;2;39;181;164m$[38;2;21;90;84m/[38;2;15;53;54m<[38;2;32;147;134md[38;2;45;212;191m$[38;2;43;202;182m$[39m   [0m
[39m[48;2;11;18;32m     [38;2;19;69;71m[[38;2;25;96;95mr[38;2;24;91;90mf[38;2;15;46;51m![38;2;18;67;67m][38;2;33;143;134md[38;2;35;154;144ma[38;2;27;115;109mY[39m [38;2;34;159;144m*[38;2;45;212;191m$[38;2;42;197;178m$[38;2;21;89;83m/[39m  [38;2;209;214;220m$[38;2;231;236;243m$[38;2;103;105;111mZ[39m   [38;2;122;126;131m*[38;2;231;236;243m$[38;2;211;216;222m$[39m [38;2;146;149;155m$[38;2;231;236;243m$[38;2;184;188;194m$[39m  [38;2;76;78;84mx[38;2;216;220;227m$[38;2;230;235;242m$[38;2;93;96;101mC[39m  [38;2;43;204;184m$[38;2;44;205;185m$[38;2;28;127;116mQ[38;2;45;212;191m$[38;2;32;147;133md[39m [38;2;35;164;149mM[38;2;45;212;191m$[38;2;28;128;117mQ[38;2;44;206;186m$[38;2;41;192;173m$[39m  [38;2;23;101;93mx[38;2;37;173;156m%[38;2;42;195;176m$[38;2;42;200;180m$$[38;2;44;209;188m$[38;2;45;212;191m$[38;2;21;88;83m/[39m [38;2;43;202;182m$[38;2;45;212;191m$[38;2;20;83;78m([39m   [38;2;43;200;180m$[38;2;45;212;191m$[38;2;17;65;64m?[39m  [38;2;17;67;65m][38;2;45;212;191m$[38;2;44;205;185m$[39m   [0m
[39m[48;2;11;18;32m    [38;2;21;79;80m([38;2;25;96;95mr[38;2;23;85;85m\[39m [38;2;21;87;84m/[38;2;34;150;140mh[38;2;34;152;142mh[38;2;23;97;92mr[38;2;15;57;57m~[38;2;38;180;162m$[38;2;45;212;191m$[38;2;39;183;165m$[38;2;16;62;61m_[39m  [38;2;65;67;73m|[38;2;230;235;242m$[38;2;222;227;234m$[39m  [38;2;86;89;94mX[38;2;158;162;167m$[38;2;225;229;236m$[38;2;222;227;234m$[38;2;106;109;114mw[39m [38;2;184;188;194m$[38;2;231;236;243m$[38;2;145;149;154m$[39m  [38;2;103;106;111mZ[38;2;223;228;234m$[38;2;228;233;240m$[38;2;80;83;88mu[39m  [38;2;41;192;173m$[38;2;45;211;190m$[38;2;43;201;181m$[38;2;41;192;173m$[39m  [38;2;32;147;134md[38;2;45;212;191m$[38;2;43;200;180m$[38;2;45;211;190m$[38;2;24;104;96mn[39m [38;2;16;62;61m_[38;2;44;207;187m$[38;2;45;212;191m$[38;2;23;98;92mr[39m [38;2;30;136;124mm[38;2;45;212;191m$[38;2;43;202;182m$[39m [38;2;21;88;83m/[38;2;45;212;191m$[38;2;42;196;177m$[39m   [38;2;20;82;77m([38;2;45;212;191m$$[38;2;26;115;105mX[39m [38;2;15;54;55m<[38;2;37;170;154m8[38;2;45;212;191m$[38;2;35;162;147m#[39m   [0m
[39m[48;2;11;18;32m  [38;2;13;38;44m;[38;2;23;87;86m/[38;2;25;96;95mr[38;2;21;77;78m)[39m [38;2;25;107;101mv[38;2;35;153;143ma[38;2;33;147;137mb[38;2;19;77;75m1[38;2;20;86;80m\[38;2;41;195;176m$[38;2;45;212;191m$[38;2;35;163;148mM[39m    [38;2;132;135;141m%[38;2;231;236;243m$$[38;2;229;234;241m$[38;2;230;235;242m$[38;2;231;236;243m$[38;2;222;227;234m$[38;2;179;183;190m$[38;2;79;82;87mu[39m  [38;2;215;219;226m$[38;2;231;236;243m$[38;2;224;229;236m$[38;2;222;226;233m$[38;2;223;228;235m$[38;2;231;236;243m$[38;2;215;220;227m$[38;2;132;135;140m%[39m   [38;2;38;178;161m@[38;2;45;212;191m$[38;2;45;211;190m$[38;2;24;104;96mn[39m  [38;2;28;127;116mQ[38;2;45;212;191m$$[38;2;36;165;149mM[39m  [38;2;15;57;57m~[38;2;43;203;183m$[38;2;45;212;191m$[38;2;41;193;174m$[38;2;41;193;175m$[38;2;41;191;173m$[38;2;45;212;191m$[38;2;37;175;158mB[39m [38;2;30;138;126mm[38;2;45;212;191m$[38;2;36;167;151mW[39m   [38;2;29;134;122mZ[38;2;45;212;191m$[38;2;42;199;179m$[38;2;45;211;190m$[38;2;43;202;182m$[38;2;44;209;188m$[38;2;45;210;190m$[38;2;35;165;149mM[38;2;13;38;43m;[39m   [0m
[39m[48;2;11;18;32m  [38;2;22;80;81m([38;2;25;95;94mr[38;2;19;67;69m][39m [38;2;19;75;74m{[38;2;35;154;144ma[38;2;32;138;130mw[38;2;16;56;58m~[39m [38;2;39;184;166m$[38;2;44;209;189m$[38;2;30;138;126mm[39m     [38;2;84;86;91mc[38;2;121;124;129mooo[38;2;116;119;124mh[38;2;91;93;98mU[39m     [38;2;120;123;128mo[38;2;121;124;129mooo[38;2;118;121;127ma[38;2;92;95;100mJ[39m     [38;2;21;89;83m/[38;2;25;111;102mz[38;2;23;101;94mx[39m   [38;2;16;60;60m_[38;2;25;111;102mzz[38;2;15;54;55m<[39m   [38;2;16;62;61m_[38;2;28;125;114mL[38;2;29;131;119m0[38;2;22;94;87mf[38;2;16;60;59m+[38;2;25;111;102mz[38;2;20;82;77m([39m [38;2;20;84;79m|[38;2;25;111;102mz[38;2;19;77;73m1[39m   [38;2;36;168;153m&[38;2;45;212;191m$[38;2;29;134;123mZ[38;2;21;88;83m/[38;2;29;131;119m0[38;2;28;125;114mL[38;2;18;73;70m}[39m     [0m
[39m[48;2;11;18;32m       [38;2;16;59;60m+[39m   [38;2;15;53;54m<[38;2;18;70;68m[[39m                                                       [38;2;42;196;177m$[38;2;45;212;191m$[38;2;20;83;79m|[39m         [0m
[39m[48;2;11;18;32m                                                                   [38;2;13;40;44m;[38;2;35;163;148mM[38;2;34;159;144m*[39m          [0m
