[39m[48;2;11;18;32m   [38;2;11;18;32m[48;2;17;58;61m▀[38;2;12;29;38m[48;2;25;95;94m▀[38;2;11;21;34m[48;2;23;88;88m▀[39m[48;2;11;18;32m    [38;2;11;18;32m[48;2;28;121;114m▀[38;2;14;45;49m[48;2;35;154;144m▀[38;2;11;18;32m[48;2;29;123;116m▀[39m[48;2;11;18;32m   [38;2;11;18;32m[48;2;15;52;53m▀[38;2;12;33;40m[48;2;42;195;176m▀[38;2;15;54;55m[48;2;45;210;189m▀[38;2;11;18;32m[48;2;28;129;118m▀[39m[48;2;11;18;32m            [38;2;11;18;32m[48;2;109;112;117m▀▀▀▀▀[48;2;106;108;114m▀[48;2;83;86;91m▀[39m[48;2;11;18;32m        [38;2;11;18;32m[48;2;69;71;77m▀[48;2;109;112;117m▀▀▀▀▀▀[48;2;102;105;111m▀[48;2;56;59;65m▀[39m[48;2;11;18;32m    [38;2;11;18;32m[48;2;14;51;52m▀[48;2;23;101;94m▀▀[48;2;23;99;92m▀[39m[48;2;11;18;32m     [38;2;11;18;32m[48;2;15;55;56m▀[48;2;23;101;94m▀▀▀[48;2;13;38;43m▀[39m[48;2;11;18;32m    [38;2;11;18;32m[48;2;14;47;49m▀[48;2;23;101;94m▀▀[48;2;23;101;93m▀[39m[48;2;11;18;32m                                      [0m
[39m[48;2;11;18;32m   [38;2;21;77;78m[48;2;15;50;54m▀[38;2;25;96;95m[48;2;25;95;94m▀[48;2;25;96;95m▀[38;2;22;84;84m▀[38;2;12;23;35m[48;2;21;77;77m▀[39m[48;2;11;18;32m  [38;2;34;147;138m[48;2;26;111;105m▀[38;2;35;154;144m[48;2;35;154;144m▀▀[38;2;26;109;104m[48;2;35;153;143m▀[38;2;11;18;32m[48;2;22;91;88m▀[39m[48;2;11;18;32m [38;2;24;103;96m[48;2;12;35;41m▀[38;2;45;212;191m[48;2;40;188;170m▀[48;2;45;212;191m▀[38;2;44;208;188m▀[38;2;24;104;97m[48;2;43;202;182m▀[38;2;11;18;32m[48;2;19;78;74m▀[39m[48;2;11;18;32m         [38;2;87;89;95m[48;2;130;133;139m▀[38;2;231;236;243m[48;2;231;236;243m▀▀▀▀▀▀▀[38;2;222;227;234m▀[38;2;182;186;192m▀[38;2;83;86;91m[48;2;223;228;235m▀[38;2;11;18;32m[48;2;113;116;121m▀[39m[48;2;11;18;32m    [38;2;161;165;171m[48;2;186;190;196m▀[38;2;231;236;243m[48;2;231;236;243m▀▀▀▀▀▀▀[38;2;229;234;241m▀[38;2;192;197;203m▀[38;2;77;80;85m[48;2;207;212;219m▀[39m[48;2;11;18;32m  [38;2;21;92;86m[48;2;17;66;65m▀[38;2;45;212;191m[48;2;45;212;191m▀▀[38;2;45;209;189m▀[38;2;11;22;34m[48;2;13;41;46m▀[39m[48;2;11;18;32m   [38;2;11;18;32m[48;2;13;38;43m▀[38;2;33;154;140m[48;2;43;202;182m▀[38;2;45;212;191m[48;2;45;212;191m▀▀▀[38;2;21;88;83m[48;2;24;107;99m▀[39m[48;2;11;18;32m    [38;2;30;139;127m[48;2;40;189;171m▀[38;2;45;212;191m[48;2;45;212;191m▀▀[38;2;40;187;169m[48;2;28;129;118m▀[39m[48;2;11;18;32m                                      [0m
[39m[48;2;11;18;32m    [38;2;18;62;65m▀[38;2;25;96;95m[48;2;20;73;74m▀[48;2;25;96;95m▀▀[38;2;19;67;69m[48;2;25;95;94m▀[38;2;11;18;32m[48;2;17;55;59m▀[39m[48;2;11;18;32m [38;2;30;128;120m[48;2;13;38;44m▀[38;2;35;154;144m[48;2;32;139;130m▀[48;2;35;154;144m▀[38;2;34;151;141m▀[38;2;19;73;72m[48;2;33;145;136m▀[38;2;11;18;32m[48;2;15;54;56m▀[38;2;18;70;68m[48;2;11;18;32m▀[38;2;42;199;180m[48;2;22;97;90m▀[38;2;45;212;191m[48;2;44;207;187m▀[48;2;45;212;191m▀[38;2;41;192;173m▀[38;2;15;51;53m[48;2;38;177;160m▀[39m[48;2;11;18;32m        [38;2;161;165;170m[48;2;186;190;196m▀[38;2;231;236;243m[48;2;231;236;243m▀▀[38;2;200;204;211m[48;2;145;149;154m▀[38;2;163;166;172m[48;2;11;18;32m▀[38;2;163;167;173m▀[38;2;171;175;181m▀[38;2;201;205;212m▀[38;2;230;235;242m[48;2;127;131;136m▀[38;2;231;236;243m[48;2;228;233;240m▀[48;2;231;236;243m▀[38;2;219;223;230m▀[38;2;55;57;64m[48;2;151;155;160m▀[39m[48;2;11;18;32m   [38;2;207;212;218m[48;2;226;231;237m▀[38;2;231;236;243m[48;2;231;236;243m▀[48;2;229;234;241m▀[38;2;147;151;157m[48;2;40;43;51m▀[38;2;128;131;136m[48;2;11;18;32m▀▀[38;2;134;138;143m▀[38;2;190;195;201m[48;2;31;34;43m▀[38;2;231;236;243m[48;2;222;227;234m▀[48;2;231;236;243m▀▀[38;2;109;112;117m[48;2;125;128;133m▀[39m[48;2;11;18;32m  [38;2;45;210;190m[48;2;43;203;183m▀[38;2;45;212;191m[48;2;45;212;191m▀▀[38;2;16;62;62m[48;2;19;78;75m▀[39m[48;2;11;18;32m   [38;2;28;129;118m[48;2;40;186;168m▀[38;2;45;212;191m[48;2;45;212;191m▀▀▀▀[38;2;27;122;112m[48;2;30;136;124m▀[39m[48;2;11;18;32m   [38;2;22;93;87m[48;2;35;160;145m▀[38;2;45;212;191m[48;2;45;212;191m▀▀[38;2;43;201;181m[48;2;33;152;138m▀[38;2;13;37;43m[48;2;11;18;32m▀[39m                                      [0m
[39m[48;2;11;18;32m      [38;2;22;81;82m[48;2;12;29;38m▀[38;2;25;96;95m[48;2;23;88;88m▀[48;2;25;96;95m▀[38;2;24;93;93m▀[38;2;14;44;50m[48;2;24;90;89m▀[39m[48;2;11;18;32m [38;2;16;56;58m▀[38;2;33;146;137m[48;2;19;75;74m▀[38;2;35;154;144m[48;2;34;151;141m▀[48;2;35;154;144m▀[38;2;32;137;129m▀[38;2;13;35;42m[48;2;29;126;119m▀[39m[48;2;11;18;32m [38;2;27;123;113m▀[38;2;45;211;190m[48;2;32;148;135m▀[38;2;45;212;191m[48;2;45;212;191m▀▀[38;2;34;156;142m▀[38;2;11;18;32m[48;2;29;131;120m▀[39m[48;2;11;18;32m      [38;2;207;212;218m[48;2;225;230;237m▀[38;2;231;236;243m[48;2;231;236;243m▀[48;2;230;235;242m▀[38;2;108;111;117m[48;2;49;52;58m▀[39m[48;2;11;18;32m     [38;2;178;182;188m[48;2;132;135;141m▀[38;2;231;236;243m[48;2;231;236;243m▀▀[38;2;192;197;203m[48;2;210;214;221m▀[39m[48;2;11;18;32m  [38;2;89;92;98m[48;2;132;135;141m▀[38;2;231;236;243m[48;2;231;236;243m▀▀[38;2;213;217;224m[48;2;193;197;203m▀[39m[48;2;11;18;32m    [38;2;17;22;34m[48;2;136;139;145m▀[38;2;222;227;234m[48;2;231;236;243m▀[38;2;231;236;243m▀[48;2;197;202;208m▀[38;2;85;88;93m[48;2;11;18;32m▀[39m  [38;2;42;195;176m[48;2;40;186;168m▀[38;2;45;212;191m[48;2;45;212;191m▀▀[38;2;21;91;85m[48;2;23;102;94m▀[39m[48;2;11;18;32m  [38;2;22;97;90m[48;2;36;167;152m▀[38;2;45;212;191m[48;2;45;212;191m▀[48;2;45;210;190m▀[38;2;42;195;176m[48;2;29;131;120m▀[38;2;45;212;191m[48;2;45;212;191m▀▀[38;2;32;147;134m[48;2;34;159;144m▀[39m[48;2;11;18;32m  [38;2;13;37;42m[48;2;27;124;114m▀[38;2;43;203;183m[48;2;45;212;191m▀[38;2;45;212;191m▀[38;2;44;209;188m[48;2;37;172;156m▀[38;2;18;70;68m[48;2;11;18;32m▀[39m  [38;2;11;18;32m[48;2;31;143;131m▀[38;2;22;93;87m[48;2;45;210;189m▀[38;2;36;167;151m[48;2;45;212;191m▀[38;2;42;196;177m▀[38;2;44;205;185m▀[38;2;43;200;180m▀[38;2;38;177;160m▀[38;2;24;107;99m[48;2;45;210;190m▀[38;2;11;18;32m[48;2;27;122;112m▀[39m[48;2;11;18;32m   [38;2;28;124;114m[48;2;36;168;153m▀[38;2;38;176;159m[48;2;45;212;191m▀▀[38;2;21;90;85m[48;2;28;126;116m▀[38;2;15;51;53m[48;2;42;195;176m▀[38;2;33;150;136m[48;2;45;212;191m▀[38;2;41;191;172m▀[38;2;36;166;151m[48;2;33;151;137m▀[39m[48;2;11;18;32m [38;2;27;120;110m[48;2;35;164;149m▀[38;2;38;176;159m[48;2;45;212;191m▀▀[38;2;23;100;93m[48;2;36;168;152m▀[38;2;22;96;89m[48;2;44;208;188m▀[38;2;38;175;158m[48;2;45;212;191m▀[38;2;43;201;181m▀[38;2;43;203;183m▀[38;2;39;183;165m▀[38;2;25;112;104m[48;2;45;211;190m▀[38;2;11;18;32m[48;2;28;128;117m▀[39m[48;2;11;18;32m     [0m
[39m[48;2;11;18;32m       [38;2;14;39;46m▀[38;2;24;92;91m[48;2;16;51;55m▀[38;2;25;96;95m[48;2;25;95;94m▀[48;2;25;96;95m▀[38;2;22;85;85m▀[38;2;12;24;35m[48;2;20;75;76m▀[39m[48;2;11;18;32m [38;2;23;94;90m▀[38;2;35;154;144m[48;2;26;112;106m▀[48;2;35;154;144m▀▀[38;2;26;110;105m[48;2;35;153;144m▀[38;2;11;18;32m[48;2;21;88;85m▀[39m[48;2;11;18;32m [38;2;37;171;155m[48;2;13;43;46m▀[38;2;45;212;191m[48;2;40;187;169m▀[48;2;45;212;191m▀[38;2;44;209;188m▀[38;2;24;106;98m[48;2;43;202;182m▀[38;2;11;18;32m[48;2;17;68;66m▀[39m[48;2;11;18;32m   [38;2;88;91;97m[48;2;131;134;140m▀[38;2;231;236;243m[48;2;231;236;243m▀▀[38;2;214;219;226m[48;2;194;198;204m▀[39m[48;2;11;18;32m      [38;2;114;117;122m[48;2;123;126;132m▀[38;2;231;236;243m[48;2;231;236;243m▀▀[38;2;213;218;224m[48;2;206;211;217m▀[39m[48;2;11;18;32m  [38;2;162;166;172m[48;2;187;191;197m▀[38;2;231;236;243m[48;2;231;236;243m▀▀[38;2;201;205;211m▀[38;2;155;159;165m▀▀[38;2;157;161;166m▀[38;2;184;188;195m▀[38;2;228;233;240m▀[38;2;231;236;243m[48;2;181;185;192m▀[38;2;212;217;224m[48;2;51;54;61m▀[38;2;79;82;87m[48;2;11;18;32m▀[39m   [38;2;38;176;159m[48;2;36;166;150m▀[38;2;45;212;191m[48;2;45;212;191m▀▀[38;2;25;111;103m[48;2;27;120;110m▀[39m[48;2;11;18;32m [38;2;16;60;60m[48;2;32;145;132m▀[38;2;44;207;187m[48;2;45;212;191m▀[38;2;45;212;191m▀[38;2;38;176;159m[48;2;25;110;102m▀[38;2;21;91;85m[48;2;16;63;62m▀[38;2;45;212;191m[48;2;45;212;191m▀▀[38;2;36;169;153m[48;2;38;178;161m▀[39m[48;2;11;18;32m [38;2;11;18;32m[48;2;18;72;69m▀[38;2;38;179;162m[48;2;45;210;189m▀[38;2;45;212;191m[48;2;45;212;191m▀[48;2;40;189;171m▀[38;2;24;104;96m[48;2;11;18;32m▀[39m  [38;2;28;127;116m[48;2;42;198;179m▀[38;2;45;212;191m[48;2;45;212;191m▀[48;2;44;209;189m▀[38;2;44;209;189m[48;2;23;102;95m▀[38;2;38;179;162m[48;2;11;18;32m▀[38;2;37;170;154m▀[38;2;43;202;182m[48;2;22;95;88m▀[38;2;45;212;191m[48;2;45;212;191m▀▀[38;2;41;194;175m[48;2;45;211;190m▀[39m[48;2;11;18;32m   [38;2;40;188;170m[48;2;44;205;185m▀[38;2;45;212;191m[48;2;45;212;191m▀▀[38;2;44;205;184m[48;2;45;211;190m▀[38;2;45;212;191m[48;2;37;174;158m▀[48;2;31;140;128m▀[48;2;29;132;121m▀[38;2;28;124;114m[48;2;17;64;63m▀[39m[48;2;11;18;32m [38;2;39;184;167m[48;2;43;202;182m▀[38;2;45;212;191m[48;2;45;212;191m▀▀[48;2;42;195;176m▀[38;2;45;211;190m[48;2;22;93;87m▀[38;2;41;194;175m[48;2;11;18;32m▀[38;2;42;196;177m▀[38;2;45;212;191m[48;2;29;129;118m▀[48;2;45;212;191m▀▀[38;2;43;204;184m▀[38;2;15;51;53m[48;2;28;125;114m▀[39m[48;2;11;18;32m    [0m
[39m[48;2;11;18;32m        [38;2;11;18;32m[48;2;17;57;60m▀[38;2;21;78;78m[48;2;25;96;95m▀[38;2;25;96;95m▀▀[38;2;24;91;91m[48;2;20;71;72m▀[39m[48;2;11;18;32m  [38;2;12;31;39m[48;2;28;121;114m▀[38;2;33;146;137m[48;2;35;154;144m▀[38;2;35;154;144m▀[48;2;35;152;142m▀[38;2;28;122;115m[48;2;20;79;77m▀[39m[48;2;11;18;32m [38;2;11;18;32m[48;2;16;58;58m▀[38;2;24;105;97m[48;2;41;194;176m▀[38;2;45;212;191m[48;2;45;212;191m▀▀[48;2;42;197;178m▀[38;2;27;123;113m[48;2;15;57;57m▀[39m[48;2;11;18;32m   [38;2;162;165;171m[48;2;186;190;197m▀[38;2;231;236;243m[48;2;231;236;243m▀▀[38;2;170;173;179m[48;2;141;144;150m▀[39m[48;2;11;18;32m      [38;2;150;153;159m[48;2;189;194;200m▀[38;2;231;236;243m[48;2;231;236;243m▀▀[38;2;188;193;199m[48;2;153;157;163m▀[39m[48;2;11;18;32m  [38;2;208;213;219m[48;2;226;231;238m▀[38;2;231;236;243m[48;2;231;236;243m▀[48;2;228;233;240m▀[38;2;216;221;227m[48;2;38;41;49m▀[38;2;214;219;226m[48;2;11;18;32m▀▀[38;2;218;222;229m▀[38;2;231;236;243m[48;2;108;111;116m▀[48;2;224;229;236m▀[38;2;230;235;242m[48;2;231;236;243m▀[38;2;157;161;167m[48;2;229;234;241m▀[38;2;11;18;32m[48;2;83;85;91m▀[39m[48;2;11;18;32m   [38;2;34;155;141m[48;2;31;143;130m▀[38;2;45;212;191m[48;2;45;212;191m▀▀[38;2;28;128;117m[48;2;30;135;124m▀[38;2;12;25;35m[48;2;26;117;108m▀[38;2;42;196;177m[48;2;45;212;191m▀[38;2;45;212;191m▀[38;2;41;192;174m[48;2;30;136;124m▀[39m[48;2;11;18;32m  [38;2;45;210;189m[48;2;43;202;182m▀[38;2;45;212;191m[48;2;45;212;191m▀[38;2;40;187;169m[48;2;42;195;176m▀[39m[48;2;11;18;32m [38;2;32;148;134m[48;2;42;195;176m▀[38;2;45;212;191m[48;2;45;212;191m▀[48;2;43;203;183m▀[38;2;29;133;121m[48;2;13;42;46m▀[39m[48;2;11;18;32m   [38;2;21;89;83m[48;2;15;52;54m▀[48;2;31;142;129m▀[38;2;19;81;77m[48;2;38;180;162m▀[38;2;11;18;32m[48;2;41;194;175m▀[48;2;42;197;178m▀▀[38;2;14;47;50m[48;2;42;199;179m▀[38;2;45;212;191m[48;2;45;212;191m▀▀[38;2;44;207;187m[48;2;41;191;173m▀[39m[48;2;11;18;32m  [38;2;19;76;73m[48;2;26;117;108m▀[38;2;45;212;191m[48;2;45;212;191m▀▀[48;2;41;191;173m▀[38;2;29;134;123m[48;2;11;19;32m▀[39m[48;2;11;18;32m    [38;2;17;64;63m[48;2;25;110;101m▀[38;2;45;212;191m[48;2;45;212;191m▀▀[38;2;44;209;189m[48;2;38;178;161m▀[38;2;21;87;82m[48;2;11;18;32m▀[39m    [38;2;39;184;166m[48;2;35;164;148m▀[38;2;45;212;191m[48;2;45;212;191m▀▀[38;2;32;149;135m[48;2;32;149;135m▀[39m[48;2;11;18;32m    [0m
[39m[48;2;11;18;32m       [38;2;15;46;51m[48;2;24;90;90m▀[38;2;25;94;93m[48;2;25;96;95m▀[38;2;25;96;95m▀[48;2;23;87;87m▀[38;2;22;81;81m[48;2;12;28;37m▀[39m[48;2;11;18;32m [38;2;11;18;32m[48;2;21;86;83m▀[38;2;25;104;99m[48;2;35;153;143m▀[38;2;35;154;144m[48;2;35;154;144m▀▀[48;2;27;117;111m▀[38;2;24;100;95m[48;2;11;18;32m▀[39m [38;2;12;31;39m[48;2;35;162;147m▀[38;2;39;181;164m[48;2;45;212;191m▀[38;2;45;212;191m▀[48;2;45;210;190m▀[38;2;44;205;185m[48;2;26;117;107m▀[38;2;21;90;85m[48;2;11;18;32m▀[39m    [38;2;208;212;219m[48;2;226;231;238m▀[38;2;231;236;243m[48;2;231;236;243m▀[48;2;228;233;240m▀[38;2;102;105;110m[48;2;39;42;50m▀[39m[48;2;11;18;32m    [38;2;11;18;32m[48;2;50;53;59m▀[38;2;86;89;94m[48;2;203;207;214m▀[38;2;227;232;239m[48;2;231;236;243m▀[38;2;231;236;243m▀[38;2;228;233;240m[48;2;182;186;192m▀[38;2;77;80;85m[48;2;11;18;32m▀[39m [38;2;91;94;99m[48;2;133;136;142m▀[38;2;231;236;243m[48;2;231;236;243m▀▀[38;2;211;216;223m[48;2;191;195;201m▀[39m[48;2;11;18;32m     [38;2;189;193;199m[48;2;199;204;210m▀[38;2;231;236;243m[48;2;231;236;243m▀▀[38;2;135;138;144m[48;2;128;131;136m▀[39m[48;2;11;18;32m   [38;2;29;130;119m[48;2;26;114;105m▀[38;2;45;212;191m[48;2;45;212;191m▀▀[38;2;31;143;130m[48;2;36;166;150m▀[38;2;38;179;162m[48;2;45;211;190m▀[38;2;45;212;191m[48;2;45;212;191m▀[38;2;43;204;184m[48;2;34;158;143m▀[38;2;14;46;49m[48;2;11;18;32m▀[39m  [38;2;41;193;174m[48;2;39;184;166m▀[38;2;45;212;191m[48;2;45;212;191m▀[38;2;43;203;183m[48;2;45;210;189m▀[38;2;24;106;98m[48;2;36;169;153m▀[38;2;45;212;191m[48;2;45;212;191m▀[48;2;45;210;189m▀[38;2;34;155;141m[48;2;18;76;72m▀[39m[48;2;11;18;32m   [38;2;21;91;85m[48;2;41;192;174m▀[38;2;42;199;180m[48;2;45;212;191m▀[38;2;45;212;191m▀[48;2;36;169;153m▀[48;2;20;83;79m▀[48;2;16;58;58m▀▀[48;2;39;182;164m▀[48;2;45;212;191m▀▀[38;2;37;172;156m[48;2;32;149;136m▀[39m[48;2;11;18;32m  [38;2;32;145;132m[48;2;36;168;152m▀[38;2;45;212;191m[48;2;45;212;191m▀▀[38;2;35;162;147m[48;2;30;137;125m▀[39m[48;2;11;18;32m     [38;2;31;140;128m[48;2;35;164;148m▀[38;2;45;212;191m[48;2;45;212;191m▀▀[38;2;34;157;143m[48;2;35;164;149m▀[39m[48;2;11;18;32m    [38;2;11;18;32m[48;2;15;55;55m▀[38;2;37;174;158m[48;2;44;205;185m▀[38;2;45;212;191m[48;2;45;212;191m▀[48;2;45;211;190m▀[38;2;29;131;120m[48;2;19;79;75m▀[39m[48;2;11;18;32m    [0m
[39m[48;2;11;18;32m     [38;2;12;25;36m[48;2;21;78;79m▀[38;2;23;85;85m[48;2;25;96;95m▀[38;2;25;96;95m▀[48;2;25;94;94m▀[38;2;24;92;91m[48;2;15;49;54m▀[38;2;13;38;45m[48;2;11;18;32m▀[38;2;11;18;32m[48;2;14;48;52m▀[38;2;18;67;67m[48;2;33;143;134m▀[38;2;34;149;140m[48;2;35;154;144m▀[38;2;35;154;144m▀[48;2;32;141;132m▀[38;2;30;131;123m[48;2;14;43;48m▀[39m[48;2;11;18;32m [38;2;11;18;32m[48;2;25;112;103m▀[38;2;30;138;126m[48;2;45;210;189m▀[38;2;45;212;191m[48;2;45;212;191m▀▀[48;2;36;166;150m▀[38;2;31;142;130m[48;2;11;18;32m▀[39m     [38;2;90;93;98m[48;2;132;136;141m▀[38;2;231;236;243m[48;2;231;236;243m▀▀[38;2;212;216;223m[48;2;222;227;233m▀[38;2;11;18;32m[48;2;196;200;207m▀[48;2;196;201;207m▀[48;2;201;206;212m▀[38;2;17;23;35m[48;2;220;225;231m▀[38;2;120;123;128m[48;2;231;236;243m▀[38;2;209;213;220m▀[38;2;231;236;243m▀[48;2;220;225;232m▀[38;2;218;223;229m[48;2;101;104;109m▀[38;2;69;71;77m[48;2;11;18;32m▀[39m  [38;2;163;167;172m[48;2;187;192;198m▀[38;2;231;236;243m[48;2;231;236;243m▀▀[38;2;167;171;176m[48;2;197;202;208m▀[38;2;11;18;32m[48;2;174;178;184m▀▀[48;2;175;179;185m▀[48;2;196;200;206m▀[38;2;127;130;136m[48;2;230;235;242m▀[38;2;230;235;242m[48;2;231;236;243m▀[38;2;231;236;243m▀[38;2;228;233;240m[48;2;176;180;186m▀[38;2;70;73;78m[48;2;11;18;32m▀[39m   [38;2;22;96;90m[48;2;18;73;70m▀[38;2;45;212;191m[48;2;45;212;191m▀▀[38;2;44;208;187m▀[38;2;45;212;191m▀[38;2;45;210;189m[48;2;38;176;159m▀[38;2;19;78;75m[48;2;11;18;32m▀[39m   [38;2;37;173;157m[48;2;35;163;148m▀[38;2;45;212;191m[48;2;45;212;191m▀▀[38;2;44;208;188m▀[38;2;45;212;191m▀[38;2;38;175;158m[48;2;25;109;101m▀[39m[48;2;11;18;32m   [38;2;21;89;83m[48;2;23;102;95m▀[38;2;45;212;191m[48;2;45;212;191m▀▀[38;2;45;211;190m▀[38;2;14;44;47m[48;2;31;142;129m▀[38;2;11;18;32m[48;2;22;93;87m▀[48;2;31;141;128m▀[38;2;24;105;97m[48;2;44;205;185m▀[38;2;45;211;190m[48;2;45;212;191m▀[38;2;45;212;191m▀▀[38;2;27;122;112m[48;2;20;83;79m▀[39m[48;2;11;18;32m  [38;2;40;188;170m[48;2;44;205;185m▀[38;2;45;212;191m[48;2;45;212;191m▀[48;2;45;211;190m▀[38;2;24;104;97m[48;2;15;54;55m▀[39m[48;2;11;18;32m     [38;2;39;184;166m[48;2;43;202;182m▀[38;2;45;212;191m[48;2;45;212;191m▀▀[38;2;43;202;182m▀[38;2;17;66;65m[48;2;42;199;180m▀[38;2;11;18;32m[48;2;34;158;143m▀▀[38;2;13;38;44m[48;2;42;196;177m▀[38;2;37;174;158m[48;2;45;212;191m▀[38;2;45;212;191m▀[48;2;44;208;188m▀[38;2;39;181;164m[48;2;22;94;88m▀[39m[48;2;11;18;32m     [0m
[39m[48;2;11;18;32m   [38;2;11;18;32m[48;2;16;55;59m▀[38;2;19;68;70m[48;2;25;96;95m▀[38;2;25;96;95m▀▀[48;2;20;71;73m▀[38;2;17;60;63m[48;2;11;18;32m▀[39m [38;2;12;30;38m[48;2;28;119;113m▀[38;2;31;134;126m[48;2;35;154;144m▀[38;2;35;154;144m▀[48;2;35;152;142m▀[38;2;34;148;139m[48;2;20;81;79m▀[38;2;17;62;63m[48;2;11;18;32m▀[38;2;11;18;32m[48;2;14;46;49m▀[38;2;20;86;81m[48;2;42;195;176m▀[38;2;43;204;184m[48;2;45;212;191m▀[38;2;45;212;191m▀[48;2;42;197;177m▀[38;2;39;184;166m[48;2;16;63;62m▀[39m[48;2;11;18;32m       [38;2;162;166;172m[48;2;185;189;195m▀[38;2;231;236;243m[48;2;228;233;240m▀▀▀▀▀[48;2;222;227;234m▀[48;2;207;211;218m▀[48;2;176;180;186m▀[48;2;110;112;118m▀[38;2;195;199;206m[48;2;11;18;32m▀[38;2;81;84;89m▀[39m    [38;2;209;213;220m[48;2;224;229;236m▀[38;2;231;236;243m[48;2;228;233;240m▀▀▀▀▀▀[48;2;219;224;231m▀[48;2;194;199;205m▀[48;2;132;135;141m▀[38;2;189;194;200m[48;2;14;20;33m▀[38;2;41;43;51m[48;2;11;18;32m▀[39m    [38;2;13;37;43m▀[38;2;45;211;190m[48;2;43;203;183m▀[38;2;45;212;191m[48;2;45;210;189m▀▀[48;2;41;190;172m▀[38;2;25;110;101m[48;2;11;19;33m▀[39m[48;2;11;18;32m    [38;2;33;151;137m[48;2;30;137;125m▀[38;2;45;212;191m[48;2;45;210;189m▀▀▀[38;2;41;192;173m[48;2;30;136;124m▀[39m[48;2;11;18;32m    [38;2;14;47;49m▀[38;2;43;204;184m[48;2;26;115;106m▀[38;2;45;212;191m[48;2;43;202;182m▀[48;2;45;212;191m▀▀[48;2;45;211;190m▀[48;2;39;180;163m▀[38;2;42;198;179m[48;2;19;78;74m▀[38;2;43;201;182m[48;2;42;195;176m▀[38;2;45;212;191m[48;2;45;210;189m▀[38;2;44;207;187m[48;2;40;188;170m▀[39m[48;2;11;18;32m  [38;2;19;76;72m[48;2;26;115;106m▀[38;2;45;212;191m[48;2;45;210;189m▀▀[38;2;42;198;179m[48;2;38;178;161m▀[39m[48;2;11;18;32m     [38;2;16;62;62m[48;2;25;109;101m▀[38;2;45;212;191m[48;2;45;212;191m▀▀[38;2;43;204;184m[48;2;39;182;165m▀[38;2;44;207;187m[48;2;26;114;105m▀[38;2;45;212;191m[48;2;43;200;180m▀[48;2;45;212;191m▀▀▀[48;2;40;186;168m▀[38;2;44;209;189m[48;2;23;103;95m▀[38;2;28;126;116m[48;2;11;18;32m▀[39m      [0m
[39m[48;2;11;18;32m   [38;2;21;77;78m[48;2;16;52;56m▀[38;2;25;96;95m[48;2;24;92;92m▀[48;2;22;83;84m▀[38;2;22;80;81m[48;2;12;27;37m▀[39m[48;2;11;18;32m   [38;2;34;148;138m[48;2;26;111;105m▀[38;2;35;154;144m[48;2;34;150;141m▀[48;2;26;112;106m▀[38;2;24;99;95m[48;2;11;18;32m▀[39m  [38;2;24;104;96m[48;2;13;41;45m▀[38;2;45;212;191m[48;2;39;184;167m▀[48;2;43;203;183m▀[38;2;44;205;185m[48;2;26;114;105m▀[38;2;21;89;84m[48;2;11;18;32m▀[39m                                                             [38;2;13;38;43m▀[38;2;23;99;92m▀[38;2;25;109;100m▀[38;2;18;73;70m▀[39m                [38;2;30;139;127m[48;2;35;163;148m▀[38;2;45;212;191m[48;2;45;212;191m▀▀[38;2;35;162;147m[48;2;30;138;126m▀[39m[48;2;11;18;32m  [38;2;23;99;92m▀[38;2;24;108;100m▀[38;2;18;72;69m▀[39m         [0m
[39m[48;2;11;18;32m                                                                                                      [38;2;39;183;166m[48;2;43;201;182m▀[38;2;45;212;191m[48;2;45;212;191m▀▀[38;2;24;108;100m[48;2;16;62;61m▀[39m[48;2;11;18;32m              [0m
[39m[48;2;11;18;32m                                                                                                     [38;2;16;61;60m[48;2;12;28;37m▀[38;2;45;212;191m[48;2;15;56;57m▀▀[38;2;43;202;182m[48;2;15;52;53m▀[39m[48;2;11;18;32m               [0m
