[39m[48;2;11;18;32m    [38;2;17;58;61m+[38;2;15;47;52mi[39m    [38;2;16;55;57m~[38;2;23;94;90mj[38;2;15;54;56m<[39m    [38;2;23;101;94mx[38;2;28;124;114mC[38;2;13;42;46mI[39m                                                                                                    [0m
[39m[48;2;11;18;32m   [38;2;20;74;75m{[38;2;25;96;95mrr[38;2;19;68;70m[[39m   [38;2;33;143;134md[38;2;35;154;144ma[38;2;34;148;139mk[38;2;20;80;78m([39m  [38;2;21;92;86mt[38;2;45;211;190m$[38;2;45;212;191m$[38;2;40;188;170m$[38;2;17;70;67m[[39m          [38;2;65;68;74m\[38;2;199;203;210m$$$$$[38;2;198;202;208m$[38;2;191;195;201m$[38;2;173;177;183m$[38;2;132;136;141m%[38;2;40;43;50m<[39m     [38;2;135;138;143mB[38;2;199;203;210m$$$$$$[38;2;197;201;207m$[38;2;183;187;194m$[38;2;143;147;152m$[38;2;40;42;50m<[39m  [38;2;20;83;78m([38;2;39;183;165m$$[38;2;39;180;163m$[39m     [38;2;27;123;113mC[38;2;39;183;165m$$$[38;2;18;73;70m}[39m    [38;2;25;110;101mc[38;2;39;183;165m$$[38;2;36;168;152m&[39m                                      [0m
[39m[48;2;11;18;32m   [38;2;16;50;55m>[38;2;24;93;92mj[38;2;25;96;95mrr[38;2;21;77;78m)[39m  [38;2;25;108;102mc[38;2;35;154;144maa[38;2;35;152;142ma[38;2;23;97;93mr[39m [38;2;14;45;48ml[38;2;39;182;164m$[38;2;45;212;191m$$[38;2;42;199;179m$[38;2;22;94;88mf[39m         [38;2;131;134;140m8[38;2;231;236;243m$$$$$$$$$[38;2;218;222;229m$[38;2;126;129;134mM[39m    [38;2;187;191;197m$[38;2;231;236;243m$$$$$$$$$[38;2;205;210;216m$[38;2;41;43;51m<[39m [38;2;17;65;64m?[38;2;45;212;191m$$$[38;2;13;42;46mI[39m   [38;2;15;52;54m>[38;2;43;201;181m$[38;2;45;212;191m$$$[38;2;24;107;99mv[39m    [38;2;41;190;171m$[38;2;45;212;191m$$[38;2;28;126;116mL[39m                                      [0m
[39m[48;2;11;18;32m    [38;2;14;43;48ml[38;2;24;89;89mt[38;2;25;96;95mrr[38;2;22;84;84m\[39m  [38;2;23;94;90mj[38;2;34;151;142mh[38;2;35;154;144maa[38;2;27;113;107mX[39m  [38;2;36;165;150mM[38;2;45;212;191m$$[38;2;44;206;186m$[38;2;26;117;108mY[39m        [38;2;172;176;182m$[38;2;231;236;243m$$[38;2;173;177;183m$[38;2;101;104;109mOO[38;2;111;114;119md[38;2;144;148;153m$[38;2;200;204;211m$[38;2;231;236;243m$$[38;2;228;233;240m$[38;2;106;109;114mw[39m   [38;2;216;221;227m$[38;2;231;236;243m$$[38;2;85;88;94mz[38;2;44;47;54m++[38;2;59;61;67m1[38;2;135;138;143mB[38;2;228;233;240m$[38;2;231;236;243m$$[38;2;121;124;130m*[39m  [38;2;44;207;187m$[38;2;45;212;191m$$[38;2;18;70;68m[[39m   [38;2;34;158;143mo[38;2;45;212;191m$$$$[38;2;28;128;117mQ[39m   [38;2;28;128;117mQ[38;2;45;212;191m$$[38;2;39;182;165m$[39m                                       [0m
[39m[48;2;11;18;32m      [38;2;22;85;85m\[38;2;25;96;95mrr[38;2;23;89;89mt[38;2;14;42;47mI[39m [38;2;19;77;75m1[38;2;34;147;138mb[38;2;35;154;144maa[38;2;29;127;120mQ[39m  [38;2;31;144;131mp[38;2;45;211;190m$[38;2;45;212;191m$[38;2;45;210;190m$[38;2;31;141;128mq[39m       [38;2;204;208;215m$[38;2;231;236;243m$$[38;2;115;118;123mk[39m     [38;2;189;193;200m$[38;2;231;236;243m$$[38;2;188;192;198m$[39m  [38;2;82;84;90mv[38;2;231;236;243m$$[38;2;216;220;227m$[39m     [38;2;221;226;233m$[38;2;231;236;243m$$[38;2;94;97;102mC[39m  [38;2;42;196;177m$[38;2;45;212;191m$$[38;2;21;89;84m/[39m  [38;2;21;88;82m\[38;2;44;209;189m$[38;2;45;212;191m$[38;2;42;198;179m$[38;2;45;212;191m$$[38;2;32;146;133md[39m   [38;2;42;197;178m$[38;2;45;212;191m$[38;2;44;209;189m$[38;2;21;89;84m/[39m   [38;2;21;89;84m/[38;2;32;149;135mb[38;2;37;173;156m%[38;2;39;180;163m$[38;2;38;176;159mB[38;2;34;157;143mo[38;2;23;100;93mx[39m    [38;2;25;111;103mz[38;2;34;156;142maa[38;2;19;81;76m)[38;2;15;54;55m<[38;2;30;135;124mZ[38;2;36;169;153m&[38;2;32;146;133md[39m [38;2;24;108;99mv[38;2;34;156;142maa[38;2;21;90;84m/[38;2;21;91;85mt[38;2;34;156;141ma[38;2;38;177;160m@[38;2;38;179;162m$[38;2;35;162;147m#[38;2;24;105;97mu[39m      [0m
[39m[48;2;11;18;32m       [38;2;21;78;78m)[38;2;25;96;95mrr[38;2;24;93;92mj[38;2;16;52;56m<[39m [38;2;16;60;61m_[38;2;32;141;132mp[38;2;35;154;144maa[38;2;32;137;129mw[38;2;15;53;55m<[39m [38;2;27;121;111mJ[38;2;44;207;186m$[38;2;45;212;191m$$[38;2;35;162;147m#[39m     [38;2;47;50;57m-[38;2;228;233;239m$[38;2;231;236;243m$[38;2;226;231;238m$[38;2;39;42;49m>[39m     [38;2;125;129;134mM[38;2;231;236;243m$$[38;2;211;216;222m$[39m  [38;2;141;144;150m$[38;2;231;236;243m$$[38;2;187;191;197m$[39m   [38;2;66;69;75m\[38;2;174;178;184m$[38;2;231;236;243m$$[38;2;173;177;183m$[39m   [38;2;39;183;166m$[38;2;45;212;191m$$[38;2;24;104;97mu[39m  [38;2;39;181;163m$[38;2;45;212;191m$[38;2;43;203;183m$[38;2;27;119;110mU[38;2;45;212;191m$$[38;2;35;161;146m#[39m  [38;2;31;141;128mq[38;2;45;212;191m$$[38;2;34;157;143mo[39m  [38;2;15;54;55m<[38;2;37;172;156m%[38;2;45;211;190m$[38;2;45;212;191m$$$$$$[38;2;32;148;135mb[39m   [38;2;37;174;157m%[38;2;45;212;191m$$[38;2;33;154;140ma[38;2;43;203;183m$[38;2;45;212;191m$$[38;2;32;145;132md[39m [38;2;37;170;154m8[38;2;45;212;191m$$[38;2;40;186;168m$[38;2;45;211;190m$[38;2;45;212;191m$$$$$[38;2;34;156;142ma[39m     [0m
[39m[48;2;11;18;32m        [38;2;19;69;71m[[38;2;25;96;95mrr[38;2;25;95;94mr[38;2;18;61;64m-[39m [38;2;14;43;47ml[38;2;30;132;124mZ[38;2;35;154;144maa[38;2;33;145;136md[38;2;18;68;67m][39m [38;2;22;97;91mr[38;2;43;200;180m$[38;2;45;212;191m$$[38;2;39;180;163m$[38;2;14;49;51mi[39m   [38;2;119;122;128ma[38;2;231;236;243m$$[38;2;201;205;211m$[39m      [38;2;119;122;127ma[38;2;231;236;243m$$[38;2;209;214;220m$[39m  [38;2;179;183;189m$[38;2;231;236;243m$$[38;2;227;232;239m$[38;2;222;227;234m$$[38;2;223;228;235m$[38;2;230;235;242m$[38;2;231;236;243m$[38;2;200;205;211m$[38;2;130;133;138m8[39m    [38;2;36;169;153m&[38;2;45;212;191m$$[38;2;26;117;108mY[39m [38;2;27;122;112mJ[38;2;45;212;191m$$[38;2;30;136;124mm[38;2;18;73;70m}[38;2;45;212;191m$$[38;2;38;175;158mB[39m [38;2;15;53;54m<[38;2;43;202;182m$[38;2;45;212;191m$[38;2;43;200;180m$[38;2;15;51;53m>[39m  [38;2;39;182;164m$[38;2;45;212;191m$[38;2;45;211;190m$[38;2;33;154;140ma[38;2;21;91;85mt[38;2;19;77;73m1[38;2;31;143;130mp[38;2;45;212;191m$$[38;2;44;208;187m$[39m   [38;2;43;200;181m$[38;2;45;212;191m$$$[38;2;42;195;176m$[38;2;38;176;159mB[38;2;37;171;155m8[38;2;21;90;84m/[39m [38;2;42;197;177m$[38;2;45;212;191m$$[38;2;44;205;185m$[38;2;33;152;138mh[38;2;25;113;104mz[38;2;26;116;107mY[38;2;36;170;154m8[38;2;45;212;191m$$$[38;2;24;106;98mu[39m    [0m
[39m[48;2;11;18;32m         [38;2;22;82;83m|[38;2;25;96;95mrr[38;2;24;90;89mt[39m  [38;2;15;52;55m<[38;2;34;149;139mk[38;2;35;154;144maa[38;2;28;119;112mJ[39m  [38;2;28;124;114mC[38;2;45;212;191m$$$[38;2;26;117;107mY[39m   [38;2;164;168;174m$[38;2;231;236;243m$$[38;2;167;171;177m$[39m      [38;2;154;157;163m$[38;2;231;236;243m$$[38;2;186;190;196m$[39m  [38;2;210;214;221m$[38;2;231;236;243m$$[38;2;197;201;208m$[38;2;194;199;205m$$[38;2;197;201;208m$[38;2;220;225;231m$[38;2;231;236;243m$[38;2;228;233;239m$[38;2;168;172;178m$[39m    [38;2;33;154;140ma[38;2;45;212;191m$$[38;2;28;129;118mQ[38;2;14;45;48ml[38;2;42;198;179m$[38;2;45;212;191m$[38;2;40;188;170m$[39m  [38;2;44;209;188m$[38;2;45;212;191m$[38;2;40;187;169m$[39m [38;2;33;153;139mh[38;2;45;212;191m$$[38;2;28;126;116mL[39m   [38;2;23;99;92mrr[38;2;22;95;89mj[38;2;18;70;68m[[38;2;19;77;74m11[38;2;21;87;82m\[38;2;45;212;191m$$[38;2;44;206;186m$[39m  [38;2;19;81;77m([38;2;45;212;191m$$[38;2;45;211;190m$[38;2;29;129;118m0[39m    [38;2;18;70;68m[[38;2;45;212;191m$$[38;2;44;206;186m$[38;2;21;87;82m\[39m    [38;2;39;182;165m$[38;2;45;212;191m$$[38;2;32;149;135mb[39m    [0m
[39m[48;2;11;18;32m        [38;2;22;80;81m([38;2;25;96;95mrr[38;2;24;91;91mf[38;2;15;48;53mi[39m [38;2;17;66;66m?[38;2;33;143;134md[38;2;35;154;144maa[38;2;31;134;126mZ[38;2;14;46;50m![39m [38;2;28;129;118mQ[38;2;44;208;188m$[38;2;45;212;191m$$[38;2;34;155;141ma[39m    [38;2;197;202;208m$[38;2;231;236;243m$$[38;2;123;126;132m#[39m     [38;2;42;44;52m~[38;2;211;216;223m$[38;2;231;236;243m$$[38;2;122;125;131m*[39m [38;2;63;66;72m|[38;2;230;235;242m$[38;2;231;236;243m$[38;2;221;226;232m$[39m    [38;2;43;46;53m+[38;2;206;211;217m$[38;2;231;236;243m$$[38;2;117;120;125mh[39m   [38;2;30;136;125mm[38;2;45;212;191m$$[38;2;30;139;127mw[38;2;33;152;138mh[38;2;45;212;191m$[38;2;45;210;190m$[38;2;22;98;91mr[39m  [38;2;42;197;178m$[38;2;45;212;191m$[38;2;42;199;180m$[38;2;17;69;67m][38;2;44;206;186m$[38;2;45;212;191m$[38;2;39;182;165m$[39m   [38;2;13;43;47ml[38;2;32;146;133md[38;2;41;191;172m$[38;2;45;210;189m$[38;2;45;212;191m$$$$$$[38;2;39;182;164m$[39m  [38;2;29;132;121mO[38;2;45;212;191m$$[38;2;38;176;159mB[39m     [38;2;28;126;115mL[38;2;45;212;191m$$[38;2;36;166;150mW[39m     [38;2;36;167;151mW[38;2;45;212;191m$$[38;2;31;142;129mq[39m    [0m
[39m[48;2;11;18;32m       [38;2;23;86;86m/[38;2;25;96;95mrr[38;2;23;87;87m/[38;2;13;38;45m;[39m [38;2;21;83;81m|[38;2;34;149;139mk[38;2;35;154;144maa[38;2;28;122;116mC[39m  [38;2;33;152;138mh[38;2;45;211;191m$[38;2;45;212;191m$[38;2;44;209;188m$[38;2;29;132;121mO[39m    [38;2;29;32;42m;[38;2;224;229;236m$[38;2;231;236;243m$[38;2;228;233;240m$[38;2;51;54;61m][39m    [38;2;61;63;69m)[38;2;193;197;203m$[38;2;231;236;243m$$[38;2;188;192;198m$[39m  [38;2;130;133;138m8[38;2;231;236;243m$$[38;2;193;197;203m$[39m     [38;2;199;203;210m$[38;2;231;236;243m$$[38;2;128;132;137m&[39m   [38;2;26;116;107mY[38;2;45;212;191m$$[38;2;35;164;149mM[38;2;44;208;187m$[38;2;45;212;191m$[38;2;35;163;147m#[39m   [38;2;39;184;167m$[38;2;45;212;191m$[38;2;44;209;189m$[38;2;35;165;149mM[38;2;45;212;191m$[38;2;44;209;189m$[38;2;21;89;83m/[39m   [38;2;40;185;167m$[38;2;45;212;191m$$[38;2;37;174;158m%[38;2;27;122;112mJ[38;2;25;113;104mzz[38;2;41;190;172m$[38;2;45;212;191m$$[38;2;33;151;138mk[39m  [38;2;36;166;151mW[38;2;45;212;191m$$[38;2;30;139;127mw[39m     [38;2;35;162;147m#[38;2;45;212;191m$$[38;2;35;164;149mM[39m    [38;2;16;59;59m+[38;2;43;201;181m$[38;2;45;212;191m$[38;2;45;211;190m$[38;2;21;87;82m\[39m    [0m
[39m[48;2;11;18;32m     [38;2;15;46;51m![38;2;24;91;90mf[38;2;25;96;95mrr[38;2;22;82;82m|[39m  [38;2;24;100;95mx[38;2;35;152;143ma[38;2;35;154;144ma[38;2;35;153;143ma[38;2;25;108;102mc[39m [38;2;13;43;46mI[38;2;37;172;156m%[38;2;45;212;191m$$[38;2;43;204;184m$[38;2;25;109;101mc[39m     [38;2;106;109;114mw[38;2;231;236;243m$$[38;2;211;216;223m$[38;2;101;104;109mOO[38;2;109;112;117mp[38;2;134;138;143mB[38;2;175;179;185m$[38;2;222;226;233m$[38;2;231;236;243m$$[38;2;190;195;201m$[38;2;45;48;55m_[39m  [38;2;171;175;181m$[38;2;231;236;243m$$[38;2;163;167;173m$[38;2;58;61;67m11[38;2;60;63;69m)[38;2;100;103;108mO[38;2;177;181;187m$[38;2;231;236;243m$$[38;2;217;222;229m$[38;2;51;54;61m][39m   [38;2;21;89;84m/[38;2;45;212;191m$$[38;2;45;211;190m$[38;2;45;212;191m$[38;2;43;202;182m$[38;2;16;58;58m+[39m   [38;2;37;170;154m8[38;2;45;212;191m$$[38;2;45;211;190m$[38;2;45;212;191m$[38;2;34;157;143mo[39m   [38;2;23;98;91mr[38;2;45;212;191m$$[38;2;45;211;190m$[38;2;16;58;58m+[39m [38;2;13;41;45mI[38;2;33;151;137mk[38;2;45;212;191m$$$[38;2;25;111;102mz[39m  [38;2;41;194;175m$[38;2;45;212;191m$$[38;2;21;91;85mt[39m     [38;2;41;190;171m$[38;2;45;212;191m$$[38;2;44;207;187m$[38;2;29;130;119m0[38;2;14;49;52mi[38;2;14;49;51mi[38;2;26;118;109mU[38;2;41;193;174m$[38;2;45;212;191m$$[38;2;34;160;145m*[39m     [0m
[39m[48;2;11;18;32m    [38;2;17;56;60m+[38;2;25;94;93mj[38;2;25;96;95mrr[38;2;20;74;75m{[39m  [38;2;27;116;110mY[38;2;35;154;144maa[38;2;34;151;141mh[38;2;22;91;88mt[39m [38;2;17;67;65m][38;2;40;187;169m$[38;2;45;212;191m$$[38;2;42;195;176m$[38;2;20;85;80m|[39m      [38;2;155;159;164m$[38;2;231;236;243m$$$$$$$$$[38;2;211;216;222m$[38;2;140;143;149m$[39m    [38;2;203;208;214m$[38;2;231;236;243m$$$$$$$$$[38;2;207;212;218m$[38;2;95;98;103mL[39m    [38;2;14;49;51mi[38;2;45;212;191m$$$$[38;2;29;131;120m0[39m    [38;2;33;154;140ma[38;2;45;212;191m$$$[38;2;43;200;180m$[38;2;14;51;52m>[39m   [38;2;17;69;67m][38;2;44;208;187m$[38;2;45;212;191m$$[38;2;43;203;183m$[38;2;40;190;171m$[38;2;44;205;185m$[38;2;43;204;184m$[38;2;44;205;185m$[38;2;45;212;191m$[38;2;44;209;188m$[38;2;14;46;49m![39m [38;2;16;62;62m-[38;2;45;211;190m$[38;2;45;212;191m$[38;2;43;203;183m$[39m     [38;2;15;51;53m>[38;2;45;210;189m$[38;2;45;212;191m$[38;2;44;208;187m$[38;2;44;209;189m$[38;2;45;212;191m$$$$$[38;2;45;211;190m$[38;2;34;160;145m*[39m      [0m
[39m[48;2;11;18;32m   [38;2;18;61;63m-[38;2;25;95;95mr[38;2;25;96;95mr[38;2;25;95;94mr[38;2;18;64;67m?[39m  [38;2;29;125;118mL[38;2;35;154;144maa[38;2;33;146;137mb[38;2;19;74;73m{[39m [38;2;17;65;64m?[38;2;42;198;178m$[38;2;45;212;191m$$[38;2;39;184;166m$[38;2;16;61;60m_[39m       [38;2;162;165;171m$[38;2;201;205;211m$$$$[38;2;200;204;211m$[38;2;195;200;206m$[38;2;183;187;193m$[38;2;158;161;167m$[38;2;105;108;113mm[39m      [38;2;196;200;207m$[38;2;201;205;211m$$$$$[38;2;200;204;211m$[38;2;193;197;204m$[38;2;173;176;182m$[38;2;123;126;131m#[39m       [38;2;38;178;161m@[38;2;39;184;166m$$[38;2;36;168;152m&[39m     [38;2;27;121;111mJ[38;2;39;184;166m$$$[38;2;27;121;111mJ[39m     [38;2;24;105;98mu[38;2;38;179;162m$[38;2;43;200;181m$[38;2;43;203;183m$[38;2;41;193;174m$[38;2;35;160;145m*[38;2;18;75;71m{[38;2;37;172;155m8[38;2;39;184;166m$[38;2;36;166;150mW[39m  [38;2;23;100;93mx[38;2;39;184;166m$$[38;2;34;157;142mo[39m     [38;2;26;114;105mX[38;2;45;212;191m$$[38;2;38;180;162m$[38;2;24;105;97mu[38;2;38;177;160m@[38;2;43;200;181m$[38;2;43;203;183m$[38;2;41;193;174m$[38;2;35;165;149mM[38;2;22;97;90mj[39m       [0m
[39m[48;2;11;18;32m   [38;2;19;68;70m[[38;2;25;96;95mr[38;2;24;93;92mj[38;2;16;54;58m~[39m   [38;2;31;135;127mm[38;2;35;154;144ma[38;2;32;139;130mq[38;2;16;57;59m+[39m  [38;2;19;80;76m)[38;2;44;206;185m$[38;2;45;212;191m$[38;2;36;167;151mW[39m                                                                                  [38;2;33;153;139mh[38;2;45;212;191m$$[38;2;32;149;136mb[39m              [0m
[39m[48;2;11;18;32m    [38;2;13;38;45m;[39m      [38;2;17;62;63m-[39m     [38;2;15;54;55m<[38;2;19;77;73m1[39m                                                                                   [38;2;39;183;165m$[38;2;45;212;191m$$[38;2;25;109;101mc[39m              [0m
[39m[48;2;11;18;32m                                                                                                      [38;2;44;207;186m$[38;2;45;212;191m$[38;2;44;209;188m$[38;2;14;45;48ml[39m              [0m
[39m[48;2;11;18;32m                                                                                                     [38;2;14;49;51mi[38;2;28;128;117mQQ[38;2;26;119;109mU[39m               [0m
