[39m[48;2;11;18;32m   [38;2;20;74;75m⢠[38;2;25;95;94m⣤[38;2;23;87;87m⣤[38;2;17;56;60m⡀[39m   [38;2;31;135;127m⣠[38;2;29;123;116m⣶[38;2;32;138;130m⣄[39m   [38;2;22;94;88m⢀[38;2;36;165;150m⣴[38;2;40;186;169m⣦[38;2;30;137;125m⣄[39m            [38;2;150;153;159m⣀⣀⣀⣀⣀[38;2;145;148;154m⣀[38;2;112;115;121m⣀[38;2;37;40;48m⡀[39m       [38;2;128;131;137m⢀[38;2;150;153;159m⣀⣀⣀⣀⣀⣀[38;2;140;144;149m⣀[38;2;102;105;110m⡀[39m    [38;2;21;92;86m⢀[38;2;30;138;126m⣀⣀[38;2;30;135;123m⣀[39m     [38;2;23;100;93m⢀[38;2;30;138;126m⣀⣀⣀[38;2;17;66;64m⡀[39m    [38;2;20;84;79m⢀[38;2;30;138;126m⣀⣀⣀[39m                                      [0m
[39m[48;2;11;18;32m   [38;2;22;83;83m⠹[38;2;25;95;95m⣿[38;2;25;96;95m⣿[38;2;25;95;94m⣷[38;2;23;86;86m⣄[39m  [38;2;32;137;129m⢿[38;2;35;154;144m⣿⣿[38;2;32;140;131m⣷[38;2;23;95;92m⣄[39m [38;2;26;114;105m⠸[38;2;42;197;178m⣿[38;2;45;212;191m⣿[38;2;45;210;189m⣿[38;2;38;176;159m⣧[38;2;32;144;132m⡀[39m         [38;2;147;151;156m⢸[38;2;231;236;243m⣿⣿⣿⣿⣿⣿⣿[38;2;226;231;238m⣿[38;2;198;203;210m⣿[38;2;209;213;220m⣦[38;2;103;106;113m⣄[39m    [38;2;168;172;179m⣾[38;2;231;236;243m⣿⣿⣿⣿⣿⣿⣿[38;2;230;235;242m⣿[38;2;207;211;218m⣿[38;2;191;195;202m⣦[38;2;40;43;51m⡀[39m [38;2;24;107;99m⢸[38;2;45;212;191m⣿⣿[38;2;45;211;190m⣿[38;2;16;60;60m⡀[39m   [38;2;17;66;65m⢀[38;2;40;187;169m⣾[38;2;45;212;191m⣿⣿⣿[38;2;29;133;122m⡇[39m    [38;2;36;167;152m⣾[38;2;45;212;191m⣿⣿[38;2;38;180;162m⡟[39m                                      [0m
[39m[48;2;11;18;32m    [38;2;19;67;69m⠙[38;2;24;90;90m⢿[38;2;25;96;95m⣿⣿[38;2;23;86;86m⣷[38;2;24;90;90m⡀[39m [38;2;29;124;117m⠹[38;2;33;145;136m⣿[38;2;35;154;144m⣿[38;2;35;152;142m⣿[38;2;32;141;133m⣦[38;2;24;98;94m⡀[38;2;29;130;119m⠈[38;2;37;169;154m⢻[38;2;45;209;189m⣿[38;2;45;212;191m⣿[38;2;43;200;180m⣿[38;2;33;151;138m⣦[39m        [38;2;168;172;178m⣾[38;2;231;236;243m⣿⣿[38;2;186;191;198m⡟[38;2;223;228;235m⠉[38;2;224;229;236m⠉[38;2;179;183;190m⠙[38;2;196;201;207m⠛[38;2;187;192;198m⢿[38;2;229;234;241m⣿[38;2;231;236;243m⣿[38;2;224;229;236m⣿[38;2;139;143;149m⣆[39m  [38;2;44;47;55m⢀[38;2;215;220;227m⣿[38;2;231;236;243m⣿[38;2;230;235;242m⣿[38;2;142;146;152m⠏[38;2;175;179;185m⠉⠉[38;2;184;188;194m⠉[38;2;151;155;162m⠻[38;2;227;232;238m⣿[38;2;231;236;243m⣿⣿[38;2;159;163;169m⡇[39m  [38;2;44;207;186m⣿[38;2;45;212;191m⣿⣿[38;2;22;95;89m⡇[39m   [38;2;38;179;162m⣼[38;2;45;212;191m⣿⣿⣿⣿[38;2;38;176;160m⡇[39m   [38;2;34;154;140m⣸[38;2;45;212;191m⣿⣿[38;2;40;185;167m⡿[38;2;17;64;63m⠁[39m                                      [0m
[39m[48;2;11;18;32m      [38;2;24;91;90m⠙[38;2;24;91;91m⣿[38;2;25;96;95m⣿[38;2;25;95;94m⣿[38;2;23;87;87m⣦[38;2;17;57;60m⡀[38;2;25;103;98m⠈[38;2;33;143;134m⠻[38;2;35;153;143m⣿[38;2;35;154;144m⣿[38;2;33;144;135m⣿[38;2;29;121;115m⣆[39m [38;2;29;127;117m⠙[38;2;41;191;173m⢿[38;2;45;212;191m⣿⣿[38;2;42;196;177m⣷[38;2;31;140;128m⣄[39m     [38;2;41;44;52m⢀[38;2;215;220;227m⣿[38;2;231;236;243m⣿[38;2;230;235;242m⣿[38;2;128;132;137m⠇[39m     [38;2;190;195;201m⢹[38;2;231;236;243m⣿⣿[38;2;197;201;208m⣿[39m  [38;2;150;154;160m⢸[38;2;231;236;243m⣿⣿[38;2;199;203;210m⣿[39m    [38;2;142;146;152m⣠[38;2;227;231;238m⣿[38;2;231;236;243m⣿[38;2;210;215;221m⣿[38;2;112;115;121m⠃[39m  [38;2;40;188;170m⣿[38;2;45;212;191m⣿⣿[38;2;29;131;120m⡇[39m  [38;2;32;143;131m⣼[38;2;45;212;191m⣿[38;2;45;211;190m⣿[38;2;35;159;145m⣿[38;2;45;212;191m⣿⣿[38;2;39;180;163m⣇[39m  [38;2;30;133;122m⢰[38;2;44;207;187m⣿[38;2;45;212;191m⣿[38;2;40;185;167m⣿[38;2;28;127;117m⠁[39m  [38;2;34;158;144m⣠[38;2;38;179;162m⣶[38;2;39;182;165m⣿[38;2;43;203;183m⣿[38;2;44;208;188m⣿[38;2;44;206;186m⣿[38;2;41;191;172m⣿[38;2;40;186;168m⣶[38;2;28;123;114m⣄[39m   [38;2;35;159;144m⣼[38;2;41;191;173m⣿⣿[38;2;29;134;122m⣇[38;2;37;172;156m⣴[38;2;41;190;172m⣾[38;2;43;201;181m⣿[38;2;34;157;143m⡿[39m [38;2;33;151;138m⣼[38;2;41;191;173m⣿⣿[38;2;33;152;138m⣧[38;2;38;178;161m⣶[38;2;41;189;171m⣿[38;2;44;206;186m⣿[38;2;44;208;187m⣿[38;2;42;195;176m⣿[38;2;40;189;171m⣶[38;2;30;134;123m⣄[39m     [0m
[39m[48;2;11;18;32m       [38;2;19;69;71m⠈[38;2;24;91;90m⠻[38;2;25;95;94m⣿[38;2;25;96;95m⣿[38;2;25;95;94m⣷[38;2;23;84;84m⣄[39m [38;2;24;99;95m⠙[38;2;32;141;133m⢿[38;2;35;154;144m⣿⣿[38;2;32;140;132m⣷[38;2;27;113;107m⡄[39m [38;2;31;140;129m⠻[38;2;42;196;177m⣿[38;2;45;212;191m⣿[38;2;45;210;190m⣿[38;2;38;176;160m⣧[38;2;28;125;115m⡀[39m   [38;2;149;153;159m⢸[38;2;231;236;243m⣿⣿[38;2;200;205;211m⣿[39m      [38;2;162;166;172m⢸[38;2;231;236;243m⣿⣿[38;2;208;213;219m⣿[39m  [38;2;170;174;181m⣾[38;2;231;236;243m⣿⣿[38;2;210;215;221m⣿[38;2;225;230;237m⣶⣶[38;2;226;231;238m⣶[38;2;200;204;211m⣿[38;2;230;235;242m⣿[38;2;201;206;213m⣿[38;2;186;190;197m⠟[38;2;148;152;157m⠁[39m   [38;2;35;161;147m⣿[38;2;45;212;191m⣿⣿[38;2;34;158;144m⡇[39m [38;2;32;143;130m⣰[38;2;45;210;189m⣿[38;2;45;212;191m⣿[38;2;35;160;146m⡟[38;2;24;104;97m⢸[38;2;45;212;191m⣿⣿[38;2;36;165;150m⣿[39m [38;2;28;128;117m⢀[38;2;41;191;172m⣿[38;2;45;212;191m⣿[38;2;42;199;180m⣿[38;2;30;137;125m⠃[39m  [38;2;37;169;153m⣾[38;2;45;212;191m⣿[38;2;45;211;190m⣿[38;2;35;161;147m⡿[38;2;37;173;157m⠛[38;2;35;161;146m⠛[38;2;38;175;159m⢻[38;2;45;212;191m⣿⣿[38;2;43;202;182m⣿[38;2;14;49;52m⡀[39m  [38;2;42;196;177m⣿[38;2;45;212;191m⣿⣿[38;2;44;208;187m⣿[38;2;40;188;170m⣿[38;2;44;205;185m⠿[38;2;43;202;182m⠿[38;2;33;152;138m⠇[39m [38;2;41;191;173m⣿[38;2;45;212;191m⣿⣿[38;2;43;202;182m⣿[38;2;39;179;162m⠿[38;2;41;192;174m⠛[38;2;42;195;176m⠛[38;2;39;180;163m⢿[38;2;45;212;191m⣿⣿[38;2;44;208;187m⣿[38;2;32;144;131m⡆[39m    [0m
[39m[48;2;11;18;32m        [38;2;20;70;72m⢠[38;2;24;90;90m⣾[38;2;25;96;95m⣿⣿[38;2;23;86;86m⡿[39m  [38;2;31;136;128m⣠[38;2;34;150;140m⣿[38;2;35;154;144m⣿[38;2;35;153;143m⣿[38;2;26;109;104m⡟[39m [38;2;24;106;98m⢀[38;2;38;175;158m⣼[38;2;45;212;191m⣿⣿[38;2;43;203;183m⣿[38;2;32;147;134m⠇[39m   [38;2;169;173;180m⣾[38;2;231;236;243m⣿⣿[38;2;184;188;195m⡏[39m      [38;2;187;192;198m⣼[38;2;231;236;243m⣿⣿[38;2;167;171;178m⡿[39m [38;2;47;50;57m⢀[38;2;216;221;228m⣿[38;2;231;236;243m⣿[38;2;230;235;242m⣿[38;2;186;191;197m⠟[38;2;214;219;225m⠛⠛[38;2;217;222;229m⠛[38;2;198;203;210m⠿[38;2;227;232;239m⣿[38;2;230;235;242m⣿[38;2;205;210;216m⣷[38;2;103;106;112m⡄[39m   [38;2;38;173;157m⢹[38;2;45;212;191m⣿⣿[38;2;39;180;163m⡇[38;2;34;157;143m⢠[38;2;43;203;184m⣿[38;2;45;212;191m⣿[38;2;37;168;153m⡿[39m  [38;2;44;205;185m⣿[38;2;45;212;191m⣿[38;2;41;189;171m⣿[39m [38;2;38;177;161m⣾[38;2;45;212;191m⣿[38;2;44;207;187m⣿[38;2;31;143;131m⠇[39m  [38;2;15;55;55m⠈[38;2;25;112;104m⢉[38;2;30;136;124m⣩[38;2;33;153;139m⣭[38;2;41;193;175m⣤[38;2;42;197;178m⣤⣤[38;2;34;153;140m⣼[38;2;45;212;191m⣿⣿[38;2;42;198;179m⣿[39m  [38;2;29;130;120m⢸[38;2;45;212;191m⣿⣿[38;2;43;201;181m⣿[38;2;32;145;132m⠋[39m    [38;2;26;116;107m⢸[38;2;45;212;191m⣿⣿[38;2;41;191;172m⣿[38;2;34;157;143m⠁[39m    [38;2;36;164;149m⣿[38;2;45;212;191m⣿⣿[38;2;44;203;184m⡇[39m    [0m
[39m[48;2;11;18;32m      [38;2;17;60;63m⢀[38;2;23;88;88m⣴[38;2;25;95;94m⣿[38;2;25;96;95m⣿[38;2;24;91;90m⣿[38;2;24;90;90m⠋[39m [38;2;22;86;84m⣠[38;2;31;136;128m⣾[38;2;35;154;144m⣿⣿[38;2;33;145;136m⡿[38;2;26;108;103m⠋[39m [38;2;33;150;137m⣰[38;2;41;192;173m⣿[38;2;45;212;191m⣿[38;2;45;211;190m⣿[38;2;36;167;152m⡿[38;2;36;166;151m⠁[39m   [38;2;45;48;56m⢀[38;2;216;220;227m⣿[38;2;231;236;243m⣿[38;2;230;235;242m⣿[38;2;116;120;125m⠇[39m    [38;2;93;96;101m⢀[38;2;163;166;173m⣼[38;2;229;234;241m⣿[38;2;231;236;243m⣿[38;2;197;202;209m⣿[38;2;92;95;102m⠃[39m [38;2;152;156;162m⢸[38;2;231;236;243m⣿⣿[38;2;196;201;207m⣿[39m     [38;2;188;192;198m⣿[38;2;231;236;243m⣿⣿[38;2;180;184;190m⡇[39m   [38;2;36;167;151m⢸[38;2;45;212;191m⣿⣿[38;2;36;167;152m⣧[38;2;41;191;173m⣿[38;2;45;212;191m⣿[38;2;41;190;172m⡿[38;2;20;83;78m⠁[39m  [38;2;40;186;168m⣿[38;2;45;212;191m⣿[38;2;44;207;186m⣿[38;2;33;150;137m⣼[38;2;45;212;191m⣿[38;2;45;211;190m⣿[38;2;35;161;147m⠏[39m   [38;2;40;185;167m⣴[38;2;44;205;185m⣿[38;2;45;212;191m⣿[38;2;43;203;183m⡿[38;2;38;178;162m⠿[38;2;36;168;152m⠿⠿[38;2;42;195;176m⣿[38;2;45;212;191m⣿⣿[38;2;38;176;160m⡟[39m  [38;2;37;170;155m⣼[38;2;45;212;191m⣿⣿[38;2;39;179;162m⡏[39m     [38;2;35;162;147m⣼[38;2;45;212;191m⣿⣿[38;2;34;153;140m⣯[39m    [38;2;23;100;93m⢀[38;2;40;185;168m⣿[38;2;45;212;191m⣿⣿[38;2;31;140;128m⡇[39m    [0m
[39m[48;2;11;18;32m     [38;2;23;88;88m⣠[38;2;24;89;89m⣿[38;2;25;96;95m⣿[38;2;25;95;94m⣿[38;2;24;90;89m⠟[38;2;19;67;69m⠁[38;2;21;87;84m⢀[38;2;32;138;129m⣴[38;2;35;152;142m⣿[38;2;35;154;144m⣿[38;2;33;146;137m⣿[38;2;27;115;109m⠟[39m [38;2;25;109;102m⣠[38;2;39;184;166m⣾[38;2;45;212;191m⣿⣿[38;2;43;201;182m⡿[38;2;34;156;142m⠋[39m     [38;2;151;155;161m⢸[38;2;231;236;243m⣿⣿[38;2;216;220;227m⣿[38;2;191;196;202m⣤⣤[38;2;198;203;209m⣤[38;2;219;224;231m⣤[38;2;207;212;218m⣶[38;2;217;222;229m⣿[38;2;231;236;243m⣿[38;2;225;230;237m⣿[38;2;210;215;222m⠟[38;2;129;132;138m⠁[39m  [38;2;171;176;182m⣾[38;2;231;236;243m⣿⣿[38;2;179;183;190m⣯[38;2;151;155;161m⣤⣤[38;2;153;157;164m⣤[38;2;189;193;200m⣤[38;2;187;191;198m⣾[38;2;230;235;242m⣿[38;2;231;236;243m⣿[38;2;215;220;227m⡿[38;2;84;87;94m⠃[39m   [38;2;26;114;106m⢸[38;2;45;212;191m⣿⣿[38;2;45;210;189m⣿[38;2;45;212;191m⣿[38;2;41;188;170m⣿[38;2;23;95;90m⠃[39m   [38;2;34;156;142m⣿[38;2;45;212;191m⣿⣿[38;2;45;210;189m⣿[38;2;45;212;191m⣿[38;2;34;158;144m⡟[39m   [38;2;29;129;119m⢸[38;2;45;212;191m⣿⣿[38;2;45;211;191m⣿[38;2;30;136;125m⣅[38;2;28;127;117m⣀[38;2;33;149;135m⣠[38;2;39;179;162m⣼[38;2;45;211;190m⣿[38;2;45;212;191m⣿⣿[38;2;31;139;127m⡇[39m  [38;2;42;195;176m⣿[38;2;45;212;191m⣿⣿[38;2;28;125;115m⠇[39m     [38;2;41;191;172m⣿[38;2;45;212;191m⣿⣿[38;2;44;207;186m⣿[38;2;39;183;165m⣦[38;2;36;168;152m⣄[38;2;36;167;152m⣠[38;2;36;168;153m⣴[38;2;40;186;169m⣿[38;2;45;212;191m⣿[38;2;45;210;189m⣿[38;2;34;154;141m⡟[39m     [0m
[39m[48;2;11;18;32m   [38;2;20;70;72m⢠[38;2;23;87;87m⣾[38;2;25;96;95m⣿⣿[38;2;24;89;88m⡿[38;2;20;74;76m⠃[39m [38;2;27;113;108m⣰[38;2;33;142;133m⣿[38;2;35;154;144m⣿[38;2;35;153;143m⣿[38;2;31;131;124m⡟[38;2;27;113;107m⠁[38;2;20;82;78m⢀[38;2;39;185;167m⣴[38;2;44;208;187m⣿[38;2;45;212;191m⣿[38;2;43;203;183m⣿[38;2;36;164;149m⠟[38;2;16;63;62m⠁[39m      [38;2;169;173;180m⣾[38;2;230;235;242m⣿⣿⣿⣿[38;2;229;234;241m⣿[38;2;226;231;238m⣿[38;2;218;223;229m⣿[38;2;193;197;204m⣿[38;2;202;206;213m⠿[38;2;185;189;196m⠛[38;2;151;155;161m⠁[39m   [38;2;47;50;57m⢀[38;2;215;220;227m⣿[38;2;230;235;242m⣿⣿⣿⣿⣿[38;2;229;234;241m⣿[38;2;225;230;237m⣿[38;2;209;214;221m⣿[38;2;213;217;224m⠿[38;2;177;181;188m⠛[38;2;75;77;83m⠁[39m    [38;2;16;62;62m⠈[38;2;44;207;187m⣿[38;2;45;211;190m⣿⣿[38;2;43;200;180m⣿[38;2;32;146;133m⠃[39m    [38;2;42;197;178m⢸[38;2;45;211;190m⣿⣿⣿[38;2;36;167;152m⡿[39m    [38;2;20;84;79m⠈[38;2;36;165;150m⢿[38;2;44;207;186m⣿[38;2;45;212;191m⣿⣿⣿[38;2;41;192;174m⣿[38;2;40;186;168m⠟[38;2;42;198;179m⣿[38;2;45;211;190m⣿[38;2;42;197;178m⣿[39m  [38;2;29;129;118m⢸[38;2;45;211;190m⣿⣿[38;2;40;185;167m⣿[39m     [38;2;26;114;106m⢸[38;2;45;212;191m⣿⣿[38;2;41;191;173m⣿[38;2;36;166;151m⢿[38;2;44;206;185m⣿[38;2;45;212;191m⣿⣿⣿[38;2;42;197;178m⣿[38;2;39;182;165m⠿[38;2;30;133;122m⠋[39m      [0m
[39m[48;2;11;18;32m   [38;2;21;77;78m⠻[38;2;25;94;93m⣿[38;2;23;89;88m⣿[38;2;24;90;89m⠋[39m   [38;2;31;137;129m⢿[38;2;35;152;142m⣿[38;2;32;142;133m⡿[38;2;25;107;102m⠋[39m  [38;2;27;119;109m⠸[38;2;42;195;176m⣿[38;2;44;207;187m⣿[38;2;36;165;150m⡿[38;2;36;164;149m⠁[39m                                                             [38;2;17;66;65m⠈[38;2;30;135;123m⠉[38;2;33;149;135m⠉[38;2;22;94;88m⠉[39m                [38;2;35;160;146m⣼[38;2;45;212;191m⣿⣿[38;2;35;159;145m⡟[39m [38;2;16;58;58m⠈[38;2;30;135;123m⠉[38;2;32;148;134m⠉[38;2;22;93;88m⠉[39m         [0m
[39m[48;2;11;18;32m                                                                                                      [38;2;41;190;172m⣿[38;2;45;212;191m⣿⣿[38;2;26;113;105m⡇[39m              [0m
[39m[48;2;11;18;32m                                                                                                     [38;2;19;78;75m⠘[38;2;36;167;152m⠿⠿[38;2;35;157;144m⠿[39m               [0m
